60.6320000000000
40.2000000000000
53.6200000000000
136.812000000000
175.164000000000
146.136000000000
222.980000000000
5546.67600000000
5422.36400000000
5134.31200000000
5039.70800000000
5173.53200000000
4648.88400000000
4785.07600000000
5758.69200000000
5398.75600000000
4692.76800000000
4861.38000000000
5419.60400000000
4980.67200000000
4840.46400000000
4920.15600000000
5049.07600000000
4581.61200000000
3464.60000000000
3479
3703.59200000000
3681.97200000000
3760.60000000000
4335.64800000000
3994.66400000000
3690.15600000000
3531.38000000000
3625.48800000000
3462.90800000000
4059.73200000000
5018.68000000000
5421.78000000000
5199.20800000000
4639.69200000000
4908.50000000000
4849.91600000000
3805.74000000000
5431.94800000000
8253.43200000000
10110.2520000000
11147.1880000000
11162.0280000000
10891.8600000000
10460.9480000000
9804.08000000000
8995.14800000000
8135.73600000000
5478.04000000000
3893.83600000000
3852.00400000000
3858.76000000000
3914.13600000000
3811.99600000000
3798.15600000000
4686.87200000000
5678.82800000000
5803.86800000000
5795.24000000000
6042.44800000000
5210.04400000000
4621.86400000000
4258.45200000000
4410.71600000000
4419.18400000000
4435.93600000000
4537.99600000000
4581.74800000000
4480.75600000000
4729.71200000000
4928.37600000000
5279.42000000000
5340.52000000000
5340.37600000000
5354.50400000000
5549.65200000000
5412.39200000000
6502.16400000000
9095.20000000000
10659.3240000000
10282.9800000000
10642.9000000000
11971.0080000000
12588.3320000000
12706.4120000000
11936.3960000000
11255.0120000000
7485.66800000000
9332.64800000000
10645.5760000000
11071.7440000000
10608.9360000000
10940.4400000000
10553.0800000000
10161.5560000000
9421.04000000000
7377.90800000000
7061.53200000000
7292.49600000000
7482.94800000000
7618.79200000000
7665.78800000000
7225.58800000000
9122.73200000000
12131.6720000000
9778.16400000000
10091.6920000000
9975.78800000000
9092.88400000000
12737.7600000000
12930.8440000000
11404.7400000000
11207.0480000000
10224.7080000000
9282.58000000000
8111.28800000000
8105.29600000000
7127.47200000000
7492.18800000000
8557.22400000000
9872.39600000000
10816.1360000000
11353.4400000000
12065.5240000000
12347.0640000000
12003.1240000000
11563.9080000000
11504.2400000000
11077.4240000000
5737.38400000000
4931.53200000000
4523.67200000000
4432.60400000000
5058.84800000000
5379.54400000000
6548.84400000000
6163.42800000000
6223.05200000000
4050.84400000000
2737.32000000000
2831.28400000000
2716.24400000000
2005.70800000000
1855.46800000000
1824.02000000000
2003.60800000000
3498.44400000000
2931.88000000000
4274.20400000000
4442.66800000000
4423.07200000000
4586.24000000000
4767.40000000000
4629.96800000000
4227.12000000000
3916.23200000000
3550.26800000000
4365.33600000000
4605.10000000000
4174.93200000000
4020.54800000000
4932.84400000000
4001.50000000000
4576.50400000000
4287.63600000000
4565.42800000000
4503.86400000000
4612.85200000000
8245.51600000000
8918.01200000000
10054.3960000000
11467.1360000000
13330.3480000000
12269.0880000000
10956.7480000000
8050.21200000000
4246.15600000000
4272.53200000000
4263.63600000000
4369.22000000000
4300.36400000000
4609.36000000000
6474.28400000000
7218.76000000000
7752.51600000000
8037.62000000000
9023.62800000000
9550.83600000000
9709.30000000000
9335.52400000000
8854.39200000000
8499.61200000000
7396.74400000000
6644.82400000000
6463.31200000000
3745.47600000000
2521.18800000000
2341.23600000000
4772.63200000000
6841.93600000000
8284.26800000000
7372.42000000000
8479.60400000000
10967.2840000000
11571.1960000000
10495.0480000000
7360.70800000000
5583.92400000000
7134.03600000000
7274.28800000000
7444.24000000000
10106.4320000000
7958.76400000000
6910.69200000000
6836.08400000000
6411.48000000000
6124.46000000000
5348.31200000000
3947.69600000000
4143.96800000000
4500.03200000000
5982.04400000000
4562.59200000000
6366.50400000000
5142.23200000000
7055.30400000000
5712.97200000000
5234.68400000000
3958.36000000000
3002.47200000000
4798.76000000000
5475.24400000000
4486.01600000000
5262.06800000000
5626.95600000000
4902.23600000000
4537.30800000000
4600.66000000000
3652.77600000000
4350.35200000000
5165.08400000000
4868.90400000000
5378.38000000000
4047.08400000000
4444.92000000000
3821.42400000000
5545.18000000000
5179.62000000000
3869.99200000000
2830.02000000000
2728.39600000000
2596.44000000000
3487.94800000000
4035.13200000000
3957.99200000000
9132.52000000000
9800.93200000000
8221.68800000000
7018.83200000000
7237.84800000000
7629.36400000000
7806.03200000000
8018.37600000000
1203.53600000000
1146.56000000000
1146.11600000000
1155.29200000000
1173.68800000000
1169.93600000000
1167.72800000000
1168.88000000000
1181.44000000000
1175.18000000000
1184.58800000000
1047.11600000000
79.0280000000000
105.156000000000
272.056000000000
228.468000000000
429.056000000000
358.156000000000
494.544000000000
265.828000000000
209.244000000000
432.024000000000
257.400000000000
399.504000000000
101.248000000000
78.8520000000000