28.1160000000000
25.0600000000000
28.4000000000000
51.0520000000000
81.8160000000000
76.8480000000000
82.0640000000000
786.836000000000
799.612000000000
763.032000000000
742.600000000000
708.324000000000
703.212000000000
747.476000000000
818.908000000000
771.332000000000
715.428000000000
722.388000000000
843.248000000000
763.812000000000
750.360000000000
757.400000000000
783.400000000000
962.736000000000
791.780000000000
793.052000000000
856.516000000000
840.432000000000
849.380000000000
997.088000000000
900.204000000000
819.516000000000
788.464000000000
818.980000000000
794.272000000000
904.460000000000
791.716000000000
720.764000000000
699.224000000000
653.980000000000
688.260000000000
695.936000000000
655.156000000000
1091.03600000000
1435.16800000000
1700.51600000000
1895.89600000000
1942.70000000000
1864.07200000000
1761.42800000000
1623.69200000000
1478.68400000000
1336.62800000000
1154.72800000000
917.752000000000
911.300000000000
906.496000000000
907.104000000000
901.860000000000
896.448000000000
1103.57600000000
1055.12000000000
1003.49200000000
986.528000000000
951.272000000000
864.472000000000
782.596000000000
726.812000000000
734.824000000000
745.516000000000
760.152000000000
759.036000000000
766.784000000000
781.172000000000
826.780000000000
854.892000000000
885.832000000000
932.716000000000
951.680000000000
941.452000000000
953.204000000000
953.436000000000
1199.71600000000
1460.37200000000
1614.21200000000
1532.16400000000
1586.43600000000
1820.49200000000
2016.32400000000
2108.70000000000
2042.06800000000
2010.75200000000
1256.69200000000
1402.22400000000
1578.20800000000
1589.14000000000
1652.99600000000
1665.44400000000
1594.29600000000
1568.67600000000
1850.48800000000
1865.06000000000
1817.84800000000
1851.16400000000
1850.20800000000
1888.56400000000
1905.92800000000
1832.45200000000
2063.64400000000
2423.34000000000
2009.97200000000
1731.46400000000
1713.04000000000
1566.23200000000
2455.40800000000
2405.14800000000
2054.54400000000
2046.48400000000
1890.58400000000
1703.14800000000
1202.24800000000
1143.23200000000
939.940000000000
1053.29200000000
1272.42000000000
1650.75200000000
1874.67600000000
1968.41600000000
2138.70000000000
2205.41200000000
2156.88400000000
2051.27200000000
2037.22400000000
2025.44000000000
1144.77600000000
978.024000000000
932.500000000000
934.528000000000
978.028000000000
989.312000000000
1218.95600000000
1183.74800000000
1219.64400000000
849.228000000000
607.180000000000
632.528000000000
601.768000000000
475.520000000000
446.392000000000
456.896000000000
531.516000000000
889.316000000000
696.256000000000
951.356000000000
1004.32800000000
967.184000000000
992.032000000000
1028.73600000000
998.676000000000
940.508000000000
889.892000000000
837.020000000000
1067.07600000000
1152.83600000000
1009.51600000000
904.140000000000
973.332000000000
802.828000000000
923.496000000000
876.292000000000
884.148000000000
861
897.084000000000
1658.18400000000
1627.54800000000
1733.14800000000
1967.74000000000
2460.82000000000
2337.18000000000
2247.12000000000
1671.67600000000
997.332000000000
1002.17600000000
1000.42400000000
1028.53200000000
1033.29600000000
1067.35600000000
1156.10400000000
1260.23200000000
1331.45200000000
1330.12800000000
1455.84800000000
1551.54000000000
1575.70800000000
1515.25200000000
1457.52400000000
1383.65600000000
1369.08800000000
1510.10000000000
1120.72000000000
778.952000000000
565.100000000000
531.628000000000
889.776000000000
1037.57200000000
1221.35600000000
1358.16400000000
1897.34400000000
2407.80000000000
2771.50400000000
2407.26000000000
1685.98800000000
1287.26000000000
1664.20400000000
1367.26000000000
1413
2305.70800000000
1797.48400000000
1693.36000000000
1696.77200000000
1608.94400000000
1519.23600000000
1241.20400000000
856.632000000000
927.036000000000
990.584000000000
1300.48000000000
1006.00000000000
1501.54000000000
1193.80800000000
1596.84400000000
1298.49600000000
1093.24000000000
862.724000000000
636.424000000000
1097.98000000000
1216.30400000000
918.908000000000
1150
1211.38000000000
1098.90400000000
1033.44000000000
976.604000000000
734.696000000000
930.252000000000
1211.29600000000
1291.36000000000
1379.59600000000
1062.64400000000
1146.31200000000
1063.76400000000
1479.00800000000
1419.80400000000
903.832000000000
697.924000000000
690.612000000000
629.668000000000
872.824000000000
980.376000000000
1013.74000000000
1487.75200000000
1572.47600000000
1309.29200000000
1082.72400000000
1078.77200000000
1146.36800000000
1208.44800000000
1259.46000000000
294.708000000000
297.560000000000
298.112000000000
299.124000000000
301.864000000000
301.752000000000
303.652000000000
304.792000000000
306.980000000000
306.252000000000
306.616000000000
288.584000000000
35.1760000000000
38.6400000000000
97.4200000000000
111.568000000000
131.928000000000
164.216000000000
187.060000000000
96.8800000000000
100.168000000000
130.724000000000
123.756000000000
136.888000000000
43.2200000000000
42.8280000000000