17.0760000000000
17.7440000000000
17.9120000000000
19.3120000000000
33.4200000000000
34.0360000000000
27.0960000000000
153.612000000000
155.948000000000
135.704000000000
134.920000000000
136.608000000000
134.932000000000
136.588000000000
148.640000000000
140.728000000000
137.828000000000
138.808000000000
160.076000000000
153.024000000000
153.332000000000
158.756000000000
156.872000000000
233.816000000000
205.648000000000
202.572000000000
215.252000000000
212.772000000000
212.868000000000
235.040000000000
236.576000000000
218.744000000000
209.644000000000
207.572000000000
203.564000000000
226.320000000000
223.752000000000
236.976000000000
228.620000000000
206.552000000000
205.368000000000
213.052000000000
179.668000000000
261.124000000000
349.484000000000
379.380000000000
396.808000000000
385.540000000000
358.004000000000
324.092000000000
293.332000000000
262.216000000000
235.040000000000
187
143.992000000000
143.964000000000
144.256000000000
144.100000000000
144.096000000000
143.680000000000
185
213.440000000000
215.484000000000
211.284000000000
204.420000000000
185.188000000000
166.592000000000
154.952000000000
151.040000000000
151.036000000000
151.092000000000
155.128000000000
157.644000000000
162.356000000000
168.292000000000
171.104000000000
175.232000000000
177.900000000000
180.140000000000
182.236000000000
183.552000000000
184.588000000000
205.516000000000
247.304000000000
297.080000000000
281.640000000000
272.780000000000
311.120000000000
331.356000000000
341.900000000000
324.352000000000
322.512000000000
236.908000000000
270.660000000000
306.848000000000
308.296000000000
323.824000000000
313.968000000000
302.768000000000
293.776000000000
357.272000000000
390.748000000000
388.208000000000
391.860000000000
391.804000000000
406.572000000000
401.120000000000
393.448000000000
440.488000000000
582.416000000000
530.232000000000
388.868000000000
393.356000000000
357.968000000000
440.764000000000
411.040000000000
367.684000000000
366.320000000000
343.652000000000
297.512000000000
143.804000000000
136.868000000000
113.872000000000
109.940000000000
124.608000000000
143.012000000000
164.404000000000
166.096000000000
148.964000000000
132.844000000000
127.152000000000
129.896000000000
145.128000000000
201.020000000000
323.672000000000
276.648000000000
260.936000000000
265.608000000000
303.148000000000
306.240000000000
361.520000000000
338.664000000000
349.148000000000
235.816000000000
167.088000000000
176.172000000000
168.844000000000
151.712000000000
153.336000000000
155.364000000000
162.268000000000
183.028000000000
171.300000000000
223.568000000000
252.708000000000
245.612000000000
243.692000000000
248.896000000000
226.796000000000
212.644000000000
199.828000000000
216.360000000000
248.944000000000
266.816000000000
239.444000000000
215.172000000000
230.608000000000
204.176000000000
227.808000000000
213.328000000000
209.064000000000
210.344000000000
208.008000000000
380.344000000000
385.548000000000
411.784000000000
451.392000000000
534.092000000000
482.868000000000
453.400000000000
348.508000000000
196.500000000000
195.780000000000
197.272000000000
204.044000000000
205.720000000000
210.376000000000
239.148000000000
271.144000000000
293.556000000000
298.840000000000
323.604000000000
339.388000000000
341.060000000000
331.660000000000
322.660000000000
313.268000000000
281.004000000000
313.868000000000
315.472000000000
241.172000000000
165.896000000000
157.360000000000
249.508000000000
274.852000000000
305.708000000000
299.040000000000
418.600000000000
497.892000000000
536.552000000000
432.452000000000
338.976000000000
253.496000000000
366.596000000000
308.496000000000
306.716000000000
424.404000000000
336.076000000000
327.492000000000
323.164000000000
312.132000000000
297.108000000000
261.624000000000
182.432000000000
203.112000000000
236.052000000000
287.028000000000
243.756000000000
315.956000000000
266.812000000000
362.484000000000
285.372000000000
207.688000000000
187.024000000000
137.912000000000
244.612000000000
277.980000000000
205.928000000000
253.448000000000
260.636000000000
228.732000000000
200.472000000000
203.496000000000
176.980000000000
217.564000000000
260.672000000000
312.196000000000
296.248000000000
255.972000000000
285.260000000000
274.080000000000
347.080000000000
336.044000000000
231.280000000000
200.188000000000
188.656000000000
173.476000000000
241.624000000000
252.840000000000
280.780000000000
166.468000000000
206.300000000000
184.036000000000
131.836000000000
105.016000000000
93.7880000000000
105.148000000000
110.000000000000
96.5840000000000
97.4000000000000
98.4080000000000
98.7800000000000
99.0320000000000
100.004000000000
99.8400000000000
99.7640000000000
100.428000000000
100.508000000000
101.188000000000
95.3960000000000
20.2320000000000
21.0120000000000
25.3280000000000
41.4320000000000
29.0440000000000
50.8120000000000
50.1040000000000
26
33.5160000000000
32.1440000000000
46.8960000000000
43.3040000000000
19.3640000000000
21.4160000000000