24.2640000000000
21.8720000000000
23.8920000000000
35.6320000000000
61.6600000000000
59.4760000000000
57.1640000000000
445.836000000000
461.780000000000
429.132000000000
422.688000000000
413.484000000000
403.532000000000
424.476000000000
458.352000000000
429.532000000000
407.056000000000
419.004000000000
477.356000000000
442.784000000000
441.900000000000
444.356000000000
451.056000000000
624.364000000000
518.944000000000
519.752000000000
555.064000000000
549.332000000000
556.100000000000
648.052000000000
585.128000000000
533.668000000000
516.252000000000
531.356000000000
518.992000000000
577.464000000000
495.508000000000
448.792000000000
435.808000000000
402.772000000000
430.444000000000
456.980000000000
421.328000000000
696.836000000000
908.368000000000
1040.38400000000
1126.73600000000
1127.34400000000
1073.13600000000
998.140000000000
918.832000000000
827.232000000000
753.492000000000
670.524000000000
545.252000000000
541.240000000000
538.260000000000
535.072000000000
532.912000000000
530.128000000000
658.572000000000
655.692000000000
626.480000000000
611.520000000000
582.576000000000
531.404000000000
484.440000000000
450.412000000000
451.800000000000
454.676000000000
467.384000000000
468.188000000000
470.348000000000
481.672000000000
505.284000000000
523.152000000000
548.484000000000
579.100000000000
585.244000000000
566.884000000000
573.900000000000
572.624000000000
699.016000000000
833.288000000000
938.620000000000
895.688000000000
908.636000000000
1030.34400000000
1137.44000000000
1184.78400000000
1164.43600000000
1158.26800000000
737.288000000000
842.336000000000
946.580000000000
952.676000000000
987.344000000000
988.808000000000
954.700000000000
923.056000000000
1119.23600000000
1187.97200000000
1158.36400000000
1174.21200000000
1176.36800000000
1204.52800000000
1209.59600000000
1168.71600000000
1279.88400000000
1446.76000000000
1224.66000000000
1046.74400000000
1048.86800000000
974.232000000000
1453.80400000000
1392.49600000000
1202.23600000000
1200.90800000000
1124.46800000000
1011.61200000000
664.428000000000
646.912000000000
524.340000000000
591.112000000000
695.368000000000
879.504000000000
1003.68400000000
1062.88400000000
1145.80800000000
1170.81600000000
1132.48400000000
1066.72800000000
1064.90800000000
1098.27600000000
737.648000000000
643.376000000000
623.140000000000
630.560000000000
664.540000000000
660.572000000000
805.496000000000
775.484000000000
799.476000000000
547.120000000000
402.728000000000
423.992000000000
401.136000000000
317.152000000000
305.392000000000
315.332000000000
366.172000000000
560.244000000000
449.112000000000
598.144000000000
635.728000000000
602.936000000000
612.340000000000
633.132000000000
621.108000000000
578.156000000000
544.744000000000
532.548000000000
671.940000000000
722.376000000000
633.784000000000
563.816000000000
609.352000000000
512.600000000000
587.768000000000
552.816000000000
548.256000000000
549.232000000000
559.152000000000
1026.51600000000
1028.69200000000
1108.32800000000
1234.18400000000
1493.27200000000
1415.43600000000
1357.80400000000
1019.41600000000
612.384000000000
613.300000000000
615.256000000000
635.136000000000
638.504000000000
656.364000000000
699.192000000000
760.584000000000
810.864000000000
811.492000000000
878.616000000000
929.296000000000
943.108000000000
918.600000000000
885.696000000000
838.280000000000
831.236000000000
940.948000000000
1232.49600000000
1181.08400000000
1070.47200000000
1035.55200000000
1036.06400000000
959.092000000000
975.736000000000
522.632000000000
511.704000000000
673.764000000000
672.560000000000
817.732000000000
775.464000000000
876.512000000000
871.044000000000
921.904000000000
713.472000000000
1383.33200000000
1101.05200000000
1054.18000000000
1050.02000000000
999.596000000000
947.540000000000
784.400000000000
540.612000000000
593.204000000000
630.136000000000
818.208000000000
657.716000000000
945.672000000000
749.060000000000
999.972000000000
819.984000000000
666.448000000000
549.624000000000
406.476000000000
711.556000000000
766.432000000000
582.864000000000
733.232000000000
753.224000000000
688.196000000000
643.728000000000
613.192000000000
473.120000000000
608.356000000000
771.632000000000
836.820000000000
877.668000000000
691.668000000000
753.348000000000
714.320000000000
966.596000000000
937.688000000000
592.672000000000
460.708000000000
453.812000000000
415.752000000000
582.420000000000
646.664000000000
675.876000000000
810.272000000000
878.288000000000
736.136000000000
571.136000000000
537.384000000000
564.104000000000
610.220000000000
650.016000000000
199.224000000000
204.240000000000
204.960000000000
206.740000000000
206.720000000000
208.476000000000
208.868000000000
208.868000000000
210.152000000000
211.360000000000
211.284000000000
202.632000000000
28.2760000000000
30.9040000000000
65.3600000000000
83.5920000000000
85.8680000000000
115.712000000000
126.608000000000
64.3720000000000
72.6320000000000
85.7680000000000
92.5280000000000
97.5360000000000
32.9040000000000
34.0840000000000