41.2200000000000
32.1960000000000
38.9760000000000
85.2200000000000
123.464000000000
109.220000000000
140.020000000000
2053.39200000000
1986.60800000000
1947.86800000000
1843.44000000000
1788.60000000000
1731.94000000000
1843.28000000000
2081.33600000000
1994.21200000000
1790.64400000000
1793.88000000000
2082.85600000000
1870.67200000000
1799.03600000000
1850.00400000000
1933.76000000000
1949.56000000000
1559.56800000000
1556.78000000000
1679.44800000000
1642.36800000000
1676.03200000000
1958.77200000000
1774.26800000000
1607.67200000000
1556.52800000000
1609.74400000000
1552.04000000000
1827.57600000000
1859.31200000000
1864.57200000000
1789.29200000000
1633.88400000000
1683.07200000000
1638.03200000000
1421.27600000000
2281.96400000000
3154.37200000000
3825.22800000000
4290.31600000000
4433.30800000000
4242.70000000000
3973.40800000000
3637.28400000000
3342.48400000000
2992.68400000000
2485.64400000000
1894.82800000000
1882.68400000000
1866.46800000000
1872.74000000000
1855.52800000000
1845.32400000000
2336.74000000000
2379.31200000000
2316.56400000000
2295.33600000000
2273.94400000000
2042.66400000000
1814.11200000000
1665.07600000000
1690.71600000000
1703.71200000000
1741.96400000000
1752.64000000000
1750.43200000000
1761.93600000000
1887.74000000000
1956.02000000000
2054.60000000000
2133.36000000000
2170.35200000000
2171.12400000000
2219.68000000000
2208.45200000000
2805.46800000000
3521.22400000000
3943.59600000000
3747.79600000000
3904.49200000000
4592.66000000000
4943.72400000000
5040.36400000000
4869.16400000000
4654.60800000000
2899.53200000000
3305.58800000000
3822.66400000000
3935.67600000000
4037.86000000000
4048.96800000000
3903.01200000000
3831.82800000000
4248.15200000000
3615.34800000000
3489.54800000000
3567.43600000000
3586.23600000000
3709.96400000000
3690.52000000000
3519.44400000000
4255.60000000000
5834.90800000000
4407.94000000000
4153.38400000000
4084.66400000000
3624.90000000000
5563.68000000000
5548.37200000000
4701.71200000000
4649.60400000000
4336.88400000000
3977.78000000000
3214.57200000000
3063.83600000000
2488.30800000000
2655.50000000000
3180.43200000000
3955.61200000000
4440.47600000000
4718.84000000000
5244.83200000000
5431.54000000000
5109.78000000000
4801.02800000000
4769.66000000000
4751.22000000000
2301.46800000000
1932.52800000000
1850.90800000000
1827.08800000000
2013.33600000000
2108.04400000000
2629.22400000000
2498.54400000000
2511.09600000000
1694.40800000000
1156.17200000000
1207.04800000000
1152.79600000000
895.856000000000
826.412000000000
850.644000000000
987.936000000000
1779.80800000000
1401.35600000000
2067.74800000000
2206.74400000000
2235.77600000000
2253.14000000000
2292.41200000000
2201.05600000000
2001.46800000000
1873.58800000000
1757.42800000000
2288.20800000000
2468.37600000000
2160.44000000000
1962.22000000000
2090.66400000000
1695.78000000000
1947.26800000000
1849.44800000000
1928.98000000000
1859.65600000000
1928.41600000000
3637.78400000000
3602.74000000000
3870.63200000000
4449.60400000000
5656.19600000000
5273.72000000000
4965.71200000000
3585.41600000000
1964.74800000000
1977.60400000000
1979.97600000000
2034.92800000000
2033.96000000000
2140.10800000000
2602.04800000000
2870.84400000000
3057.89200000000
3089.84400000000
3459.40400000000
3719.10800000000
3734.44400000000
3586.71600000000
3410.84800000000
3260.01600000000
3049.18800000000
3051.63200000000
2665.45200000000
1616.95200000000
1099.86800000000
1026.62000000000
2006.88800000000
2634.16800000000
3064.58800000000
3079.69600000000
3987.00000000000
5263.18400000000
5767.88000000000
5159.98000000000
3486.45200000000
2654.43200000000
3402.11200000000
3070.67200000000
3147.16800000000
4939.84000000000
3724.19200000000
3327.33600000000
3354.44000000000
3129.62000000000
2965.81600000000
2461.82800000000
1782.56400000000
1930.76400000000
2071.31600000000
2749.25600000000
2148.64800000000
3119.50800000000
2500.25200000000
3534.53200000000
2738.63600000000
2387.97600000000
1785.52400000000
1313.88800000000
2287.35600000000
2555.36400000000
1938.90800000000
2445.23200000000
2574.84800000000
2308.33600000000
2139.88400000000
2084.99600000000
1527.65200000000
1941.91200000000
2493.97600000000
2573.18400000000
2732.90400000000
2089.62800000000
2243.94800000000
2027.24000000000
2892.64400000000
2708.08000000000
1815.69200000000
1376.34400000000
1352.68000000000
1263.33600000000
1713.76400000000
2010.96800000000
1950.82800000000
3509.64400000000
3626.48000000000
3006.72400000000
2595.94000000000
2744.09200000000
2923.95600000000
3050.90000000000
3144.90800000000
538.132000000000
537.200000000000
540.620000000000
541.764000000000
548.324000000000
548.468000000000
549.420000000000
550.856000000000
553.480000000000
553.196000000000
555.968000000000
468.108000000000
53.9600000000000
62.2800000000000
168.876000000000
164.080000000000
241.196000000000
249.008000000000
300.360000000000
166.356000000000
149.020000000000
238.152000000000
184.800000000000
230.264000000000
67.1760000000000
60.4560000000000