1232.42000000000
1284.91200000000
1124.87200000000
1370.59600000000
3623.42800000000
3007.78800000000
2029.85600000000
1838.14000000000
1921.03200000000
1998.08400000000
1807.93200000000
1822.22800000000
1583.42800000000
1364.69600000000
1426.29200000000
1730.63600000000
3059.32400000000
2464.94400000000
2364.70400000000
3869.41200000000
2162.65600000000
2068.33600000000
2800.52800000000
2794.83200000000
2954.06800000000
3017.66400000000
4607.08800000000
3543.34000000000
3148.64400000000
2973.70000000000
2505.47200000000
2301.32000000000
3754.67600000000
3427.97600000000
2054.01200000000
2912.15200000000
4314.38000000000
3777.88000000000
3668.73200000000
4076.36000000000
2952.08400000000
3117.82400000000
2543.55200000000
3577.38800000000
2669.96400000000
1710.73600000000
2509.51600000000
2704.21600000000
1997.94800000000
1737.39600000000
1986.37600000000
1911.19600000000
1918.33600000000
1682.03200000000
1843.33200000000
1255.45200000000
1385.83200000000
971.140000000000
967.700000000000
3358.18000000000
3284.01200000000
4117.85600000000
3915.48800000000
3639.48000000000
3408.97200000000
3495.96800000000
3591.60400000000
701.380000000000
1207.53600000000
1396.00000000000
1574.72000000000
1585.34800000000
1505.15600000000
1539.13200000000
1225.45600000000
1434.28000000000
3517.74400000000
4327.38800000000
4061.16800000000
4194.85600000000
4741.96800000000
4368.67200000000
3776.26000000000
3191.68000000000
2297.08800000000
2401.60400000000
2136.08000000000
2510.71600000000
2308.56000000000
2567
3693.75200000000
3727.38400000000
4480.36000000000
3458.96000000000
1422.17600000000
2460.53200000000
3858.12400000000
4062.20800000000
3615.20400000000
3500.18400000000
3706.46800000000
3013.72800000000
3457.08000000000
4433.52400000000
4607.47600000000
4605.83600000000
4495.09200000000
2557.81600000000
2128.45200000000
3033.77200000000
1570.82400000000
730.616000000000
1028.02000000000
1439.93600000000
1893.96000000000
1144.07600000000
1282.55200000000
1265.94000000000
1625.39200000000
1249.41200000000
878.516000000000
1927.92800000000
3477.46800000000
4034.09600000000
3874.32800000000
5406.53600000000
3946.73200000000
4082.21600000000
2391.96000000000
1990.78400000000
2116.50000000000
1478.67600000000
988.460000000000
873.340000000000
939.072000000000
983.716000000000
1120.60000000000
928.624000000000
1017.78000000000
1083.25200000000
2802.33600000000
4101.04800000000
4287.24000000000
4153.96800000000
3818.05600000000
2142.29600000000
1403.35600000000
893.632000000000
802.136000000000
900.632000000000
1701.71200000000
3069.93600000000
2336.90000000000
1273.84800000000
1194.48400000000
942.028000000000
2250.39600000000
2911.75600000000
3836.38400000000
1200.60800000000
3603.07200000000
3240.44800000000
3161.43200000000
4060.40400000000
2848.66800000000
828.856000000000
608.536000000000
946.840000000000
1070.08000000000
1026.67600000000
743.392000000000
734.056000000000
851.388000000000
1988.62000000000
1106.42400000000
1017.74400000000
1445.27600000000
1871.97600000000
2295.44800000000
3505.76000000000
2977.23600000000
2408.69600000000
1852.88800000000
2163.52000000000
2277.74800000000
1788.08000000000
1236.36800000000
1407.72400000000
1325.77200000000
1397.69200000000
1007.62800000000
1179.58800000000
1187.65200000000
1271.52000000000
1001.11200000000
894.664000000000
907.804000000000
1006.85600000000
1325.18800000000
1260.44800000000
1298.15200000000
781.432000000000
788.824000000000
1579.75200000000
2876.58000000000
2047.23600000000
1766.57600000000
905.552000000000
1081.92800000000
1218.44400000000
1195.54000000000
1201.13200000000
1198.94800000000
1072.10800000000
1303.34000000000
1306.51600000000
1359.01200000000
1453.94800000000
1355.71600000000
1135.43200000000
1093.61600000000
1388.26400000000
1711.30400000000
2456.79600000000
2536.66400000000
3221.33600000000
2080.63200000000
1786.69600000000
1641.49200000000
1359.81600000000
1143.06400000000
2280.19200000000
2680.05600000000
2749.78800000000
1740.78000000000
1917.43600000000
1678.65600000000
1380.31600000000
1255.71600000000
2411.61600000000
2728.60000000000
2826.80800000000
2607.56400000000
2769.95600000000
2404.07600000000
2343.89200000000
2807.16000000000
2672.68400000000
3061.34400000000
3128.82800000000
2638.30800000000
1952.73600000000
1825.26800000000
1045.79600000000
1518.45600000000
2285.22800000000
1995.74800000000
1751.42000000000
1830.96400000000
1303.70400000000
1378.84800000000
1523.94000000000
2765.71600000000
3162.29200000000
2454.65200000000
2351.20000000000
3631.57200000000
2213.41600000000
1592.50000000000
785.180000000000
352.496000000000
659.348000000000
708.220000000000
581.076000000000
1136.12000000000
1475.13600000000
1210.94800000000
6343.70800000000
7702.80000000000
3275.07600000000
2659.06800000000
2676.48000000000
1915.38400000000
2469.06800000000
1662.88800000000
1474.96800000000
1634.45600000000
2114.58000000000
1845.89200000000
1465.68000000000
1707.78800000000
1942.07600000000
1479.32400000000
1418.39200000000