314.388000000000
295.812000000000
255.180000000000
212.924000000000
606.072000000000
677.892000000000
491.924000000000
427.536000000000
444.544000000000
464.028000000000
393.256000000000
417.448000000000
378.752000000000
356.592000000000
335.584000000000
494.788000000000
804.136000000000
554.116000000000
537.016000000000
798.652000000000
451.580000000000
435.616000000000
572.600000000000
615.708000000000
678.372000000000
666.944000000000
1100.30000000000
749.244000000000
712.412000000000
718.628000000000
544.568000000000
473.576000000000
680.936000000000
730.936000000000
496.384000000000
725.520000000000
721.728000000000
826.100000000000
891.204000000000
1024.36400000000
670.952000000000
741.708000000000
593.488000000000
778.708000000000
569.900000000000
426.456000000000
580.700000000000
607.612000000000
466.012000000000
415.640000000000
432.740000000000
349.904000000000
334.884000000000
276.564000000000
323.080000000000
237.560000000000
291.208000000000
200.168000000000
176.748000000000
464.364000000000
423.384000000000
620.700000000000
597.960000000000
593.720000000000
544.736000000000
563.692000000000
571.352000000000
120.872000000000
191.452000000000
234.892000000000
276.248000000000
270.420000000000
252.100000000000
243.456000000000
166.164000000000
196.972000000000
583.712000000000
712.628000000000
690.080000000000
706.256000000000
819.432000000000
715.840000000000
567.876000000000
459.084000000000
380.400000000000
378.344000000000
352.740000000000
422.480000000000
283.164000000000
346.728000000000
491.852000000000
432.256000000000
563.400000000000
485.684000000000
207.120000000000
283.196000000000
579.576000000000
636.044000000000
529.980000000000
524.700000000000
572.328000000000
413.244000000000
375.252000000000
584.260000000000
706.100000000000
792.732000000000
824.152000000000
475.908000000000
429.856000000000
585.848000000000
324.848000000000
185.012000000000
298.684000000000
456.884000000000
435.788000000000
321.776000000000
290.596000000000
354.416000000000
475.840000000000
353.220000000000
257.916000000000
494.256000000000
811.792000000000
967.612000000000
808.392000000000
1348.97200000000
917.628000000000
901.056000000000
521.600000000000
428.380000000000
462.400000000000
360.636000000000
268.528000000000
241.292000000000
265.044000000000
288.236000000000
324.660000000000
234.724000000000
262.876000000000
245.936000000000
705.984000000000
1089.00400000000
1144.10400000000
1171.58800000000
1116.78000000000
558.524000000000
337.540000000000
228.796000000000
184.312000000000
224.252000000000
428.384000000000
793.800000000000
624.560000000000
330.724000000000
286.280000000000
247.472000000000
601.912000000000
867.048000000000
1036.94000000000
329.224000000000
1055.06800000000
853.468000000000
876.452000000000
1147.50400000000
709.312000000000
182.580000000000
124.992000000000
225.268000000000
255.484000000000
239.776000000000
125.644000000000
129.396000000000
192.248000000000
424.500000000000
216.704000000000
195.540000000000
330.532000000000
459.060000000000
538.644000000000
838.800000000000
729.860000000000
491.628000000000
398.224000000000
548.924000000000
565.544000000000
442.900000000000
352.892000000000
298.976000000000
322.780000000000
315.832000000000
223.016000000000
240.456000000000
242.284000000000
254.184000000000
223.116000000000
170.084000000000
186.684000000000
220.692000000000
295.580000000000
380.668000000000
445.760000000000
215.416000000000
209.620000000000
411.840000000000
773.616000000000
546.484000000000
432.764000000000
202.532000000000
257.184000000000
311.176000000000
323.852000000000
338.528000000000
319.628000000000
279.420000000000
338.404000000000
341.384000000000
372.476000000000
377.020000000000
364.416000000000
271.336000000000
278.344000000000
386.840000000000
424.556000000000
634.552000000000
661.232000000000
834.180000000000
454.540000000000
472.692000000000
410.552000000000
300.816000000000
223.216000000000
491.532000000000
499.168000000000
509.880000000000
329.552000000000
358.344000000000
378.592000000000
332.456000000000
345.284000000000
370.144000000000
394.224000000000
455.664000000000
435.068000000000
426.756000000000
432.480000000000
308.640000000000
439.400000000000
504.636000000000
508.124000000000
487.300000000000
470.592000000000
357.036000000000
332.820000000000
247.148000000000
338.640000000000
445.084000000000
479.760000000000
434.560000000000
427.040000000000
233.240000000000
253.812000000000
286.560000000000
605.248000000000
787.628000000000
700.024000000000
665.544000000000
1012.98800000000
681.792000000000
447.084000000000
219.232000000000
94.9360000000000
151.916000000000
176.664000000000
158.276000000000
337.184000000000
462.208000000000
363.828000000000
761.584000000000
1082.04400000000
721.492000000000
714.128000000000
641.792000000000
451.216000000000
606.348000000000
392.892000000000
343.548000000000
389.828000000000
487.080000000000
426.356000000000
379.188000000000
452.332000000000
407.964000000000
290.736000000000
282.588000000000