446.436000000000
437.888000000000
377.376000000000
360.372000000000
997.728000000000
1003.78800000000
697.756000000000
623.372000000000
656.284000000000
679.380000000000
585.920000000000
602.436000000000
548.100000000000
494.216000000000
476.744000000000
663.180000000000
1133.11200000000
817.448000000000
795.724000000000
1260.32000000000
689.980000000000
656.908000000000
886.032000000000
941.388000000000
1023.31600000000
999.752000000000
1644.88800000000
1139.72800000000
1067.17600000000
1064.59200000000
803.752000000000
722.852000000000
1081.92000000000
1107.45200000000
722.060000000000
1051.32400000000
1172.22400000000
1249.77200000000
1268.68000000000
1471.64000000000
1023.62400000000
1095.22800000000
877.224000000000
1189.26000000000
859.744000000000
609.292000000000
834.944000000000
890.336000000000
678.816000000000
615.788000000000
654.524000000000
554.944000000000
541.348000000000
451.996000000000
513.180000000000
369.388000000000
442.312000000000
297.292000000000
282.516000000000
851.680000000000
783.932000000000
1095.87200000000
1047.74000000000
994.048000000000
935.276000000000
927.172000000000
928.072000000000
190.092000000000
294.512000000000
358.192000000000
409.644000000000
410.032000000000
380.796000000000
372.588000000000
270.124000000000
324.260000000000
944.240000000000
1181.27600000000
1136.33600000000
1183.86800000000
1340.41200000000
1172.48800000000
914.808000000000
747.508000000000
597.944000000000
605.128000000000
557.140000000000
676.044000000000
475.592000000000
572.384000000000
832.216000000000
778.192000000000
993.440000000000
821.820000000000
332.388000000000
487.712000000000
961.460000000000
1047.25200000000
895.716000000000
882.568000000000
942.024000000000
717.788000000000
764.112000000000
1080.04000000000
1216.70000000000
1304.72000000000
1324.93600000000
749.152000000000
649.020000000000
902.460000000000
487.640000000000
254.268000000000
386.028000000000
574.576000000000
632.792000000000
444.140000000000
436.408000000000
506.228000000000
635.788000000000
479.216000000000
347.292000000000
708.520000000000
1214.78400000000
1385.66400000000
1231.97200000000
1960.72000000000
1359.54400000000
1389.06400000000
776.320000000000
643.568000000000
695.564000000000
516.864000000000
367.988000000000
329.696000000000
360.236000000000
390.380000000000
430.640000000000
337.752000000000
375.796000000000
360.056000000000
983.176000000000
1509.62400000000
1568.02400000000
1576.42000000000
1496.94400000000
776.164000000000
490.860000000000
320.512000000000
265.560000000000
315.832000000000
592.348000000000
1106.38000000000
841.572000000000
454.816000000000
412.516000000000
335.292000000000
817.140000000000
1165.76400000000
1442.33200000000
445.244000000000
1410.23200000000
1163.63200000000
1176.69200000000
1544.60800000000
987.976000000000
261.240000000000
182.228000000000
320.372000000000
362.352000000000
339.056000000000
193.388000000000
194.804000000000
272.700000000000
618.740000000000
316.312000000000
289.716000000000
468.300000000000
670.988000000000
773.124000000000
1230.83600000000
1059.62800000000
760.960000000000
588.916000000000
793.176000000000
814.344000000000
630.760000000000
469.592000000000
453.284000000000
463.796000000000
450.484000000000
325.136000000000
370.840000000000
368.376000000000
397.008000000000
327.832000000000
268.960000000000
284.828000000000
334.996000000000
463.008000000000
513.868000000000
577.256000000000
296.292000000000
289.956000000000
586.876000000000
1059.92800000000
753.908000000000
616.232000000000
290.200000000000
368.856000000000
441.440000000000
450.948000000000
457.632000000000
445.096000000000
391.156000000000
477.988000000000
481.260000000000
509.740000000000
532.980000000000
511.108000000000
395.704000000000
394.208000000000
538.092000000000
600.808000000000
882.772000000000
930.360000000000
1167.45200000000
670.912000000000
665.936000000000
570.148000000000
438.016000000000
332.880000000000
736.828000000000
780.176000000000
809.108000000000
512.308000000000
558.484000000000
555.672000000000
479.916000000000
462.908000000000
605.344000000000
663.272000000000
748.456000000000
690.136000000000
729.372000000000
715.476000000000
612.056000000000
755.536000000000
810.736000000000
886.812000000000
817.016000000000
751.440000000000
553.748000000000
521.924000000000
351.984000000000
493.340000000000
676.816000000000
693.188000000000
605.864000000000
627.180000000000
357.384000000000
389.632000000000
441.928000000000
921.804000000000
1109.10000000000
928.044000000000
892.072000000000
1379.79600000000
896.100000000000
589.532000000000
291.548000000000
124.892000000000
211.988000000000
239.012000000000
215.440000000000
449.064000000000
601.628000000000
478.852000000000
1442.03200000000
1911.19600000000
1038.71200000000
988.192000000000
939.460000000000
640.516000000000
854.880000000000
566.668000000000
497.304000000000
553.828000000000
713.448000000000
602.044000000000
525.332000000000
653.324000000000
617.644000000000
454.848000000000
440.404000000000