2633.80800000000
2799
2487.52000000000
3270.17600000000
8193.48000000000
6569.76400000000
4563.84800000000
4330.03600000000
4426.30400000000
4583.61600000000
4246.62400000000
4164.78400000000
3607.27600000000
3196.66000000000
3342.75600000000
4000.96000000000
6562.26800000000
5477.82800000000
5160.09200000000
7668.81200000000
4567.35200000000
4492.60000000000
5835.29600000000
5770.81200000000
5964.48000000000
6163.52400000000
9051.00400000000
7392.23600000000
6612.68800000000
6101.03600000000
5503.45200000000
5165.43200000000
8003.14000000000
7086.40000000000
4098.23600000000
5822.78000000000
9583.99200000000
7855.26000000000
7804.88000000000
8309.52400000000
6238.14800000000
6298.69200000000
5394.43200000000
7582.59200000000
6045.44400000000
3857.40400000000
5813.86800000000
6148.33600000000
4358.31200000000
3695.56800000000
4373.30800000000
4478.04400000000
4685.19600000000
4096.61200000000
4722.67600000000
3197.61200000000
3386.14400000000
2543.84800000000
2541.89600000000
8812.20800000000
8309.63200000000
10179.6840000000
9703.43200000000
9008.44800000000
8538.66800000000
8805.67600000000
9059.50400000000
2254.08000000000
3694.29600000000
3993.34400000000
4371.70000000000
4386.49200000000
4310.53600000000
4400.68000000000
3813.24800000000
3855.80000000000
8265.08400000000
9853.82000000000
9342.10400000000
9484.84000000000
10534.5920000000
10080.1920000000
9327.68800000000
8101.57200000000
6656.21600000000
6799.72000000000
6170.36400000000
6343.36000000000
5839.06400000000
6669.12000000000
9013.29600000000
9622.69600000000
10928.2760000000
8580.89600000000
3428.38400000000
6641.97200000000
9532.80800000000
10046.7880000000
8931.45600000000
8472.10800000000
8938.40800000000
7850.98400000000
8883.66400000000
11231.5240000000
11592.7520000000
10535.1840000000
9106.88800000000
5790.94000000000
5017.29600000000
6998.85600000000
3625.44000000000
2170.23600000000
2769.60000000000
3325.30400000000
4179.94000000000
2507.11600000000
2762.17200000000
2568.36000000000
3337.13600000000
2566.83200000000
1869.81200000000
3857.84000000000
6774.14800000000
8102.49200000000
8194.20800000000
10342.7280000000
7642.02400000000
8021.24800000000
5154.12000000000
4249.87600000000
4562.84400000000
3228.66000000000
2189.50800000000
1966.06800000000
2083.38000000000
2081.03600000000
2298.98800000000
2005.82000000000
2267.80000000000
2440.70800000000
6343.59200000000
8632.84400000000
9181.03600000000
8733.99600000000
8157.31600000000
4953.68800000000
3433.40800000000
2219.07600000000
1907.46800000000
2247.21200000000
4119.10000000000
7134.18800000000
5348.06800000000
3026.24400000000
2860.59600000000
2501.27600000000
5364.01600000000
6795.67200000000
8362.99600000000
2753.96800000000
7726.01600000000
7219.22000000000
7156.80000000000
8608.98400000000
6265.16400000000
2236.52400000000
1798.64000000000
2493.90000000000
2758.33600000000
2671.81600000000
2286.38000000000
2276.64400000000
2442.88800000000
5034.38000000000
3350.99600000000
2945.46000000000
3982.36000000000
4616.20400000000
5664.84800000000
7536.68000000000
6456.75600000000
5572.18800000000
4323.60400000000
4772.78400000000
4952.20400000000
4236.04000000000
2982.54000000000
3494.21200000000
3252.96400000000
3527.28400000000
2704.65200000000
2988.58800000000
3033.92400000000
3170.23600000000
2524.38000000000
2476.72000000000
2397.81600000000
2231.84000000000
2748.50800000000
2472.49200000000
2712.26800000000
1844.64400000000
1820.42400000000
3469.14000000000
5995.53200000000
4482.69600000000
4026.56800000000
2407.30400000000
2548.92400000000
2653.67600000000
2553.03600000000
2685.22800000000
2617.33600000000
2498.93200000000
2858.58800000000
2858.35600000000
2938.53600000000
3127.95200000000
2960.34400000000
2687.06000000000
2471.56800000000
2981.24000000000
3734.21200000000
5144.29600000000
5359.01200000000
6647.30400000000
4570.75600000000
3744.64000000000
3595.70000000000
3108.61600000000
2764.16800000000
4949.46400000000
5969.52000000000
6129.93200000000
3902.85600000000
4297.31600000000
3727.43600000000
3056.61600000000
2763.06800000000
5697.08400000000
6256.01200000000
6298.95600000000
5937.81200000000
6112.18000000000
5176.86000000000
5320.88400000000
6268.18800000000
5890.76800000000
6706.24400000000
7296.38800000000
6282.72400000000
4873.71600000000
4438.08000000000
2656.04400000000
3885.15600000000
5545.74000000000
4389.45600000000
4275.32400000000
4268.97600000000
3445.94000000000
3553.32400000000
3794.59200000000
6052.50400000000
6948.08800000000
5645.35600000000
5381.78400000000
7818.24800000000
5128.55200000000
4065.25200000000
2139.07200000000
1192.06800000000
2059.52800000000
2015.07600000000
1250.88800000000
2532.45200000000
3235.24800000000
2750.85600000000
13045.8200000000
16636.4320000000
7305.66000000000
5628.42400000000
6052.98800000000
4504.09200000000
5635.90400000000
4128.67200000000
3675.97200000000
4024
4917.21200000000
4291.02800000000
3299.27200000000
3815.85600000000
4624.39600000000
3609.55200000000
3473.19200000000