657.660000000000
660.680000000000
578.428000000000
612.864000000000
1649.19600000000
1511.34000000000
1038.72800000000
942.168000000000
987.464000000000
1011.96800000000
897.140000000000
920.352000000000
812.792000000000
702.832000000000
722.508000000000
932.216000000000
1662.58800000000
1245.16000000000
1206.14800000000
1996.98000000000
1092.54000000000
1021.37600000000
1403.04000000000
1433.30800000000
1557.14000000000
1550.50000000000
2463.53200000000
1775.33600000000
1626.76400000000
1598.12000000000
1244.09200000000
1125.85600000000
1768.45600000000
1725.31200000000
1090.24000000000
1563.90400000000
1955.36800000000
1922.73600000000
1902.90400000000
2182.79600000000
1510.87200000000
1658.71600000000
1320.14400000000
1840.42800000000
1337.29600000000
893.964000000000
1262.13600000000
1359.81600000000
1031.45600000000
924.544000000000
1010.11200000000
904.024000000000
889.408000000000
764.364000000000
835.388000000000
591.696000000000
675.136000000000
466.120000000000
451.220000000000
1497.78800000000
1446.00400000000
1895.73600000000
1788.76000000000
1677.18800000000
1568.06000000000
1590.69600000000
1601.31200000000
306.100000000000
482.436000000000
580.944000000000
664.932000000000
670.832000000000
620.952000000000
620.512000000000
468.192000000000
570.972000000000
1586.86400000000
1988.12000000000
1894.73200000000
1979.83200000000
2231.67600000000
1973.69600000000
1569.66400000000
1292.86400000000
984.756000000000
1028.98400000000
931.504000000000
1130.26000000000
863.380000000000
1018.69200000000
1462.71600000000
1422.46800000000
1761.82400000000
1445.58400000000
584.212000000000
900.040000000000
1637.56000000000
1762.25600000000
1538.84400000000
1523.18800000000
1602.51600000000
1263.08000000000
1434.58400000000
1925.53600000000
2074.10800000000
2151.41200000000
2157.59200000000
1197.06000000000
1015.69200000000
1440.92400000000
768.388000000000
366.144000000000
532.404000000000
787.656000000000
952.348000000000
634.844000000000
667.304000000000
708.240000000000
893.628000000000
694.352000000000
487.732000000000
1050.19600000000
1845.07200000000
2102.35600000000
1928.02000000000
2924.31600000000
2089.31200000000
2137.53600000000
1207.51200000000
1001.32800000000
1070.88400000000
765.896000000000
528.604000000000
477.784000000000
510.972000000000
547.164000000000
608.996000000000
498.476000000000
547.624000000000
557.440000000000
1448.74400000000
2208.11200000000
2292.13200000000
2280.62800000000
2134.25200000000
1140.41600000000
744.468000000000
468.164000000000
407.832000000000
458.808000000000
868.228000000000
1594.30800000000
1225.75200000000
660.556000000000
618.588000000000
491.376000000000
1183.30400000000
1614.29200000000
2076.72800000000
645.852000000000
1976.16800000000
1709.72400000000
1710.87200000000
2228.61200000000
1480.49200000000
396.708000000000
283.124000000000
477.860000000000
543.952000000000
513.720000000000
319.320000000000
313.672000000000
412.296000000000
957.304000000000
498.080000000000
464.680000000000
699.248000000000
953.624000000000
1158.64800000000
1852.48800000000
1566.76000000000
1187.14800000000
918.820000000000
1142.67200000000
1199.80800000000
920.536000000000
660.912000000000
694.284000000000
676.004000000000
682.000000000000
492.136000000000
568.356000000000
575.572000000000
617.672000000000
501.152000000000
422.668000000000
438.840000000000
514.576000000000
698.500000000000
700.364000000000
764.668000000000
428.516000000000
425.784000000000
851.284000000000
1524.00400000000
1098.07200000000
915.976000000000
442.136000000000
559.636000000000
661.908000000000
646.884000000000
641.216000000000
638.936000000000
568.940000000000
704.668000000000
704.736000000000
737.764000000000
770.780000000000
739.144000000000
588.732000000000
579.612000000000
765.308000000000
898.424000000000
1296.43600000000
1351.43600000000
1712.60800000000
1042.62800000000
971.972000000000
848.528000000000
673.056000000000
526.328000000000
1136.26800000000
1268.04000000000
1319.72000000000
829.192000000000
913.128000000000
843.144000000000
707.864000000000
657.744000000000
1037.53600000000
1163.40000000000
1267.84400000000
1163.98800000000
1259.25600000000
1156.91200000000
1105.43200000000
1295.56000000000
1289.14800000000
1450.97600000000
1398.88800000000
1229.00800000000
892.540000000000
857.816000000000
526.992000000000
747.992000000000
1058.92400000000
1024.95600000000
902.156000000000
928.620000000000
590.772000000000
634.084000000000
720.476000000000
1452.36000000000
1644.38400000000
1306.48800000000
1291.85200000000
1986.99600000000
1235.87600000000
841.112000000000
414.888000000000
178.752000000000
314.836000000000
350.528000000000
315.832000000000
634.844000000000
835.716000000000
668.812000000000
2811.38800000000
3390.59600000000
1573.57200000000
1420.36000000000
1387.16000000000
964.144000000000
1269.69600000000
845.280000000000
748.376000000000
830.652000000000
1076
926.888000000000
768.392000000000
949.076000000000
956.756000000000
722.260000000000
695.260000000000