177.636000000000
163.048000000000
138.792000000000
104.852000000000
234.248000000000
309.196000000000
272.884000000000
211.288000000000
229.984000000000
229.660000000000
188.244000000000
233.676000000000
217.832000000000
204.136000000000
188.240000000000
305.768000000000
461.864000000000
296
287.492000000000
384.968000000000
228.640000000000
241.688000000000
289.912000000000
291.724000000000
329.132000000000
347.844000000000
521.624000000000
381.308000000000
369.848000000000
372.556000000000
291.020000000000
246.764000000000
331.180000000000
377.520000000000
267.024000000000
387.924000000000
351.916000000000
424.148000000000
488.584000000000
544.040000000000
345.936000000000
390.776000000000
309.880000000000
385.708000000000
283.028000000000
228.068000000000
304.440000000000
339.912000000000
240.260000000000
211.664000000000
224.432000000000
176.224000000000
155.732000000000
130.532000000000
153.304000000000
120.852000000000
156.464000000000
112.276000000000
102.912000000000
188.556000000000
167.604000000000
268.968000000000
271.744000000000
269.964000000000
267.948000000000
282.668000000000
282.128000000000
63.8960000000000
93.5600000000000
121.788000000000
142.944000000000
138.948000000000
125.592000000000
119.612000000000
87.2440000000000
98.4400000000000
275.044000000000
334.400000000000
328.004000000000
328.148000000000
380.128000000000
349.056000000000
294.660000000000
235.592000000000
200.264000000000
200.804000000000
186.704000000000
220.348000000000
150.484000000000
171.412000000000
243.828000000000
203.192000000000
261.496000000000
237.704000000000
110.324000000000
141.856000000000
279.660000000000
313.400000000000
248.128000000000
245.736000000000
266.892000000000
191.576000000000
129.252000000000
200.680000000000
273.296000000000
343.468000000000
367.620000000000
230.260000000000
228.628000000000
278.616000000000
173.612000000000
120.300000000000
192.052000000000
288.148000000000
250.416000000000
192.512000000000
167.696000000000
196.772000000000
297.888000000000
219.844000000000
165.968000000000
271.864000000000
422.416000000000
544.264000000000
392.692000000000
701.772000000000
454.888000000000
423.400000000000
271.860000000000
229.036000000000
252.532000000000
210.320000000000
166.136000000000
152.804000000000
168.544000000000
183.100000000000
189.548000000000
130.832000000000
163.504000000000
139.672000000000
411.372000000000
648.608000000000
666.008000000000
719.236000000000
685.948000000000
308.836000000000
188.180000000000
135.760000000000
109.968000000000
134.144000000000
258.908000000000
485.212000000000
381.124000000000
214.160000000000
162.256000000000
157.052000000000
375.068000000000
534.068000000000
634.448000000000
188.236000000000
667.176000000000
528.468000000000
534.500000000000
675.664000000000
418.116000000000
109.236000000000
73.9920000000000
135.680000000000
151.752000000000
148.524000000000
77.0960000000000
72.2240000000000
116.648000000000
240.380000000000
130.868000000000
116.796000000000
195.944000000000
246.824000000000
310.540000000000
447.748000000000
391.496000000000
227.444000000000
198.996000000000
287.100000000000
306.824000000000
230.200000000000
215.284000000000
159.260000000000
177.496000000000
177.160000000000
123.752000000000
123.508000000000
125.044000000000
125.164000000000
124.016000000000
84.6760000000000
101.848000000000
116.280000000000
152.856000000000
231.736000000000
305.188000000000
138.080000000000
129.420000000000
236.508000000000
463.688000000000
322.576000000000
250.208000000000
121.692000000000
152.272000000000
174.444000000000
181.432000000000
202.032000000000
192.112000000000
164.644000000000
201.816000000000
193.476000000000
212.748000000000
207.096000000000
202.080000000000
152.616000000000
162.332000000000
207.780000000000
243.364000000000
373.372000000000
390.328000000000
495.336000000000
254.828000000000
253.344000000000
236.564000000000
161.368000000000
114.716000000000
261.408000000000
241.528000000000
249.936000000000
170.852000000000
189.384000000000
209.044000000000
193.516000000000
210.976000000000
182.052000000000
191.664000000000
215.832000000000
215.576000000000
210.932000000000
211.220000000000
144.288000000000
214.668000000000
256.420000000000
231.668000000000
258.284000000000
271.532000000000
193.372000000000
181.468000000000
148.604000000000
189.744000000000
243.340000000000
264.564000000000
250.260000000000
235.876000000000
126.956000000000
134.936000000000
149.704000000000
278.200000000000
454.516000000000
426.372000000000
395.608000000000
549.440000000000
434.776000000000
287.616000000000
143.248000000000
64.9800000000000
99.1400000000000
112.560000000000
99.9280000000000
219.552000000000
325.648000000000
246.832000000000
328.832000000000
454.400000000000
406.348000000000
423.324000000000
405.528000000000
270.208000000000
358.592000000000
223.592000000000
195.444000000000
223.048000000000
269.528000000000
239.044000000000
215.084000000000
235.384000000000
225.720000000000
155.120000000000
146.784000000000