15.8520000000000
71.7040000000000
65
42.1560000000000
15.4000000000000
21.5160000000000
22.0200000000000
20.7640000000000
27.8560000000000
24.1120000000000
19.8480000000000
36.4080000000000
101.180000000000
105.768000000000
105.080000000000
107.412000000000
106.772000000000
123.380000000000
148.608000000000
139
96.2520000000000
75.4480000000000
66.4320000000000
61.7040000000000
37.7920000000000
34.3840000000000
26.8920000000000
30.0120000000000
37.5160000000000
42.1560000000000
43.7560000000000
24.9040000000000
34.3920000000000
79.6560000000000
90.8560000000000
67.0200000000000
54.7640000000000
59.5840000000000
48.7280000000000
58.3600000000000
58.3280000000000
30.6000000000000
29.6800000000000
38.9360000000000
118.056000000000
108.988000000000
121.368000000000
142.744000000000
143.572000000000
103.076000000000
99.9520000000000
64.7520000000000
99.6240000000000
117.160000000000
47.3000000000000
156.216000000000
408.700000000000
239.348000000000
245.060000000000
216.508000000000
123.764000000000
33.7640000000000
10.8160000000000
13.3800000000000
38.4480000000000
47.5240000000000
38.5360000000000
55.8760000000000
71.1760000000000
117.348000000000
121.740000000000
74.4600000000000
60.1040000000000
54.4720000000000
58.4080000000000
41.3720000000000
40.4800000000000
34.5920000000000
42.3880000000000
32.4080000000000
34.4320000000000
48.9840000000000
42.8240000000000
42.9800000000000
62.7800000000000
87.5040000000000
86.2680000000000
99.1400000000000
139.124000000000
134.184000000000
51.4840000000000
54.7680000000000
55.3560000000000
82.4520000000000
54.7800000000000
46.5640000000000
17.4800000000000
56.7720000000000
51.8040000000000
40.1440000000000
88.2840000000000
90.0920000000000
88.3040000000000
78.0760000000000
61.1920000000000
45.6320000000000
43.5920000000000
53.6760000000000
49.6720000000000
69.0920000000000
99.7120000000000
102.500000000000
74.3160000000000
70.7720000000000
44.8680000000000
32.3600000000000
25.9200000000000
34.0200000000000
37.0480000000000
31.8760000000000
17.9360000000000
16.0400000000000
49.7200000000000
68.7440000000000
72.0520000000000
69.0280000000000
52.4720000000000
27
34.0280000000000
38.2120000000000
41.9520000000000
44.5240000000000
34.7720000000000
26.7640000000000
55.1120000000000
55.2400000000000
57.3680000000000
44.0040000000000
33.6560000000000
39.0360000000000
41.4400000000000
30.8760000000000
66.6600000000000
39.2320000000000
35.8040000000000
26.1800000000000
23.0360000000000
32
39.5840000000000
41.6040000000000
23.6080000000000
23.3840000000000
31.9440000000000
27.4720000000000
31.5680000000000
25.1240000000000
29.1200000000000
24.1480000000000
24.6880000000000
23.1960000000000
30.7400000000000
28.9600000000000
25.6000000000000
34.8320000000000
30.2400000000000
57.4200000000000
65.8040000000000
57.5760000000000
60.6000000000000
26.2040000000000
52.5720000000000
36.4920000000000
24.7520000000000
22.4640000000000
35.3200000000000
41.4680000000000
29.1840000000000
19.8120000000000
31.7880000000000
24.5440000000000
15.2440000000000
17.4280000000000
23.6880000000000
23.0720000000000
19.8320000000000
40.0040000000000
49.4760000000000
25.4120000000000
22.1760000000000
23.8000000000000
31.2160000000000
24.1840000000000
21.9800000000000
28.6720000000000
22.1320000000000
24.9800000000000
25.5120000000000
23.7240000000000
26.1120000000000
35.0880000000000
41.8760000000000
50.8080000000000
94.0320000000000
64.2280000000000
79.3760000000000
90.9320000000000
30.5840000000000
28.2160000000000
42.4720000000000
41.0760000000000
34.2720000000000
35.7720000000000
66.3400000000000
38.0960000000000
51.8120000000000
85.4480000000000
61.9480000000000
53.0480000000000
41.4840000000000
30.3040000000000
25.6400000000000
39.0720000000000
59.9480000000000
34.7160000000000
19.9000000000000
22.9240000000000
29.8080000000000
15.2080000000000
16.8160000000000
13.6520000000000
21.1600000000000
41.7320000000000
34.3560000000000
24.6640000000000
28.3200000000000
25.1840000000000
20.9560000000000
17.8320000000000
21.3240000000000
22.3400000000000
22.0840000000000
20.2080000000000
29.7960000000000
40.0160000000000
41.3360000000000
37.4000000000000
51.1960000000000
31.5600000000000
31.6120000000000
49.3520000000000
49.9600000000000
47.9240000000000
41.0280000000000
26.0680000000000
23.8200000000000
23.0320000000000
57.7600000000000
48.0600000000000
44.2800000000000
47.7720000000000
43.1000000000000
23.5520000000000
25.5640000000000
26.6560000000000
24.6360000000000
36.3160000000000
38.4280000000000
27.8920000000000
32.9800000000000
47.4280000000000
58.0560000000000
38.3520000000000
43.7520000000000
70.9720000000000
36.7760000000000
54.4200000000000
87.0840000000000
38.8400000000000
34.0040000000000
34.4360000000000
44.1720000000000
30.1160000000000
24.3400000000000
17
18.6880000000000
21.2760000000000
15.8600000000000
19.8200000000000
18.4120000000000
20.4160000000000
17.5000000000000
21.6600000000000
26.6960000000000
29.9160000000000