25.4400000000000
108.264000000000
96.2520000000000
66.5200000000000
26.9320000000000
39.8920000000000
40.5320000000000
39.1160000000000
47.7440000000000
39.7680000000000
30.4840000000000
64.6960000000000
172.252000000000
177.888000000000
178.108000000000
181.300000000000
179.828000000000
214.816000000000
265.160000000000
247.864000000000
176.564000000000
134.824000000000
116.840000000000
107.468000000000
68.8080000000000
61.9280000000000
49.0800000000000
54.0520000000000
66.2360000000000
73.5360000000000
76.3920000000000
47.0080000000000
62.3920000000000
141.088000000000
155.568000000000
110.472000000000
95.5360000000000
98.9320000000000
79.7040000000000
91.3000000000000
93.8000000000000
44.7400000000000
47.0360000000000
61.6440000000000
167.692000000000
155.884000000000
192.312000000000
238.772000000000
236.388000000000
153.412000000000
140.804000000000
119.756000000000
180.800000000000
215.384000000000
92.5360000000000
316.020000000000
743.180000000000
456.404000000000
493.468000000000
410.448000000000
198.308000000000
58.0920000000000
19.6440000000000
23.0800000000000
72.5320000000000
91.3800000000000
66.9720000000000
90.9040000000000
120.920000000000
179.944000000000
183.124000000000
123.780000000000
101.160000000000
87.4520000000000
90.6760000000000
66.6240000000000
65.1560000000000
56.9520000000000
66.0600000000000
48.0560000000000
51.6800000000000
73.3800000000000
62.6320000000000
63.4080000000000
102.808000000000
141.492000000000
127.736000000000
157.936000000000
223.036000000000
215.832000000000
82.1320000000000
81.8120000000000
81.7000000000000
119.856000000000
84.3680000000000
77.6800000000000
22.4080000000000
81.7320000000000
68.6600000000000
60.2880000000000
135.056000000000
146.232000000000
138.316000000000
121.664000000000
92.3560000000000
73.4600000000000
70.2440000000000
76.1720000000000
73.6800000000000
106.984000000000
156.716000000000
162.616000000000
114.500000000000
107.908000000000
67.3240000000000
48.7440000000000
41.6080000000000
49.0560000000000
57.4280000000000
48.4480000000000
26.4120000000000
23.4480000000000
72.1360000000000
93.0880000000000
102.892000000000
99.7720000000000
78.4080000000000
38.9840000000000
49.3640000000000
54.4640000000000
67.2000000000000
71.0520000000000
53.1840000000000
39.7080000000000
89.7600000000000
85.9040000000000
84.0920000000000
68.1120000000000
51.4680000000000
59.3600000000000
61.1880000000000
44.8840000000000
99.3000000000000
55.7880000000000
50.2200000000000
38.3320000000000
34.3200000000000
46.8800000000000
58.4200000000000
60.6080000000000
32.0360000000000
33.4840000000000
44.8160000000000
39.8920000000000
46.5440000000000
37.2440000000000
40.2640000000000
34.0680000000000
36.5640000000000
34.2120000000000
46.1720000000000
40.8040000000000
36.7000000000000
50.9720000000000
43.3320000000000
92.1480000000000
106.780000000000
91.3000000000000
92.7480000000000
39.0640000000000
78.1240000000000
52.2760000000000
35.5600000000000
33.9600000000000
51.8440000000000
64.2160000000000
41.8640000000000
28.4920000000000
44.7440000000000
35.2400000000000
21.2760000000000
24.3840000000000
35.3920000000000
33.8360000000000
28.9520000000000
65.3520000000000
81.1480000000000
37.6000000000000
32.8560000000000
35.9200000000000
48.1160000000000
35.7040000000000
32.5760000000000
41.1400000000000
31.5600000000000
37.5240000000000
36.3720000000000
33.9480000000000
37.5520000000000
53.4440000000000
67.4920000000000
77.0400000000000
140.948000000000
93.5200000000000
110.056000000000
132.244000000000
44.0840000000000
41.3920000000000
66.9640000000000
63.0320000000000
51.2000000000000
52.8440000000000
93.3720000000000
65.0240000000000
87.3440000000000
137.776000000000
96.8920000000000
84.5120000000000
68.6720000000000
55.1280000000000
40.4280000000000
64.9040000000000
95.5360000000000
50.5280000000000
30.0560000000000
34.9880000000000
47.1000000000000
19.0920000000000
20.5440000000000
17.0760000000000
30.3920000000000
63.4760000000000
49.7600000000000
35.2920000000000
41.5640000000000
37.0040000000000
29.6240000000000
24.9800000000000
30.3200000000000
32.5120000000000
30.6040000000000
28.5080000000000
43.6320000000000
59.8080000000000
60.6720000000000
55.1880000000000
70.7000000000000
46.5880000000000
51.8840000000000
72.1880000000000
70.6000000000000
74.7360000000000
60.2480000000000
38.8720000000000
36.1680000000000
34.2320000000000
87.3240000000000
76.3880000000000
73.0840000000000
77.9800000000000
70.0400000000000
40.2760000000000
43.0720000000000
44.6640000000000
40.7480000000000
57.4160000000000
62.0840000000000
42.8760000000000
49.6680000000000
74.4600000000000
87.7240000000000
59.3080000000000
69.0200000000000
108.532000000000
53.3880000000000
87.6880000000000
142.928000000000
56.9080000000000
50.1680000000000
57.7720000000000
72.9760000000000
50.8600000000000
39.6680000000000
25.4840000000000
24.8560000000000
29.0600000000000
21.6680000000000
29.8320000000000
29.8560000000000
32.2680000000000
26.0280000000000
30.7720000000000
37.2320000000000
42.5520000000000