8.46800000000000
33.7520000000000
33.3880000000000
21.7840000000000
7.95600000000000
10.4160000000000
10.6880000000000
9.09200000000000
15.7960000000000
14.8440000000000
12.7760000000000
15.7160000000000
40.8120000000000
43.7320000000000
43.2400000000000
43.4640000000000
43.8000000000000
52.5280000000000
62.7960000000000
59.3320000000000
42.0680000000000
31.6360000000000
29.7240000000000
28.2760000000000
16.5560000000000
16.2960000000000
12.9160000000000
14.8200000000000
18.4120000000000
19.8480000000000
20.3800000000000
11.9480000000000
15.4000000000000
35.6760000000000
43.0400000000000
33.2760000000000
26.9080000000000
30.2360000000000
26.5280000000000
31.4760000000000
31.6800000000000
18.0280000000000
18.6640000000000
20.7960000000000
61.9320000000000
55.2280000000000
51.8800000000000
57.9440000000000
59.1280000000000
51.7040000000000
51.6560000000000
24.8720000000000
40.8280000000000
46.4880000000000
18.8160000000000
51.3000000000000
147.020000000000
82.3240000000000
69.8320000000000
70.7560000000000
56.5040000000000
16.2240000000000
7.96400000000000
8.75600000000000
17.3240000000000
18.5040000000000
19.0160000000000
26.6400000000000
30.0480000000000
50.1680000000000
62.1320000000000
36.9520000000000
29.9240000000000
28.1680000000000
31.4800000000000
20.4520000000000
20.0520000000000
17.7240000000000
21.5960000000000
19.9720000000000
19.1840000000000
25.1440000000000
23.2040000000000
24.2560000000000
31.5640000000000
41.5240000000000
46.5960000000000
49.8760000000000
65.7600000000000
62.8960000000000
24.4480000000000
28.3320000000000
30.3080000000000
43.8160000000000
31.0680000000000
21.5520000000000
11.9960000000000
33.1320000000000
31.9480000000000
23.1360000000000
43.0200000000000
40.3760000000000
41.6840000000000
39.8480000000000
32.1000000000000
21.4400000000000
20.7440000000000
32.2160000000000
26.6960000000000
36.5440000000000
48.0760000000000
47.7160000000000
35.3680000000000
34.2680000000000
25.8560000000000
16.3000000000000
13.9360000000000
17.5280000000000
19.4240000000000
16.2960000000000
11.1160000000000
10.6520000000000
32.0640000000000
40.6640000000000
40.5160000000000
39.0160000000000
32.1040000000000
16.6720000000000
19.4480000000000
21.8280000000000
20.7560000000000
22.2920000000000
18.7240000000000
15.3160000000000
27.0680000000000
29.7320000000000
30.5360000000000
22.9840000000000
18.7200000000000
19.3800000000000
20.7280000000000
17.8240000000000
35.9000000000000
23.1560000000000
20.6560000000000
14.6440000000000
13.0320000000000
19.0400000000000
23.0920000000000
23.6360000000000
15.0840000000000
13.4640000000000
19.4560000000000
16.1160000000000
18.2320000000000
14.4920000000000
18.9400000000000
15.0760000000000
15.5320000000000
14
17.1000000000000
16.7640000000000
14.3760000000000
20.4400000000000
18.6480000000000
29.2600000000000
31.4600000000000
26.9600000000000
29.8040000000000
14.8080000000000
29.4760000000000
20.3200000000000
14.9720000000000
13.4200000000000
18.2720000000000
20.6440000000000
17.8440000000000
13.1960000000000
18.9320000000000
14.7480000000000
10.0280000000000
11.2320000000000
14.6880000000000
14.2120000000000
12.2960000000000
19.0720000000000
23.4920000000000
15.1680000000000
13.3320000000000
14.4480000000000
18.4560000000000
14.5960000000000
14.1440000000000
17.8200000000000
14.3760000000000
14.5960000000000
15.9960000000000
14.6840000000000
16.0320000000000
20.1440000000000
20.6960000000000
27.2200000000000
48.9760000000000
36.3680000000000
47.2600000000000
50.9040000000000
17.8760000000000
16.4440000000000
22.3320000000000
23.2080000000000
19.6560000000000
20.7400000000000
39.2520000000000
18.7320000000000
23.0160000000000
43.9000000000000
34.3600000000000
27.9320000000000
21.1600000000000
14.4640000000000
15.0880000000000
19.4720000000000
30.9120000000000
18.2200000000000
12.9360000000000
14.0160000000000
15.2960000000000
11.9400000000000
12.7960000000000
11.4480000000000
13.7960000000000
23.9120000000000
19.3640000000000
15.8880000000000
17.2960000000000
15.7600000000000
13.3160000000000
12.0240000000000
15.0120000000000
14.3880000000000
15.0800000000000
13.7120000000000
18.4760000000000
22.8560000000000
23.2680000000000
21.9120000000000
31.2320000000000
21.5240000000000
20.6480000000000
31.9640000000000
29.6000000000000
25.4280000000000
26.4080000000000
14.9200000000000
13.5880000000000
13.5200000000000
30.8280000000000
26.1200000000000
21.9040000000000
25.8200000000000
21.0080000000000
12.7160000000000
14.6560000000000
13.9600000000000
13.0680000000000
19.4240000000000
21.6160000000000
15.6480000000000
16.7320000000000
24.4720000000000
29.8480000000000
20.1240000000000
22.6680000000000
34.7000000000000
20.5160000000000
28
41.0200000000000
22.1520000000000
20.6880000000000
17.8800000000000
20.9080000000000
15.1240000000000
13.2040000000000
10.5800000000000
12.2680000000000
13.3440000000000
10.8400000000000
11.9360000000000
11.1800000000000
11.7960000000000
11.0200000000000
13.2880000000000
16.2000000000000
18.3040000000000