70.4880000000000
326.984000000000
275.164000000000
204.360000000000
79.5440000000000
125.608000000000
134.248000000000
127.768000000000
178.156000000000
138.904000000000
100.740000000000
258.092000000000
548.124000000000
545.292000000000
560.084000000000
567.872000000000
571.732000000000
850.668000000000
1106.04000000000
1024.25200000000
780.400000000000
601.672000000000
462.344000000000
404.944000000000
268.216000000000
247.324000000000
198.668000000000
215.448000000000
264.504000000000
289.836000000000
311.132000000000
217.780000000000
284.912000000000
599.312000000000
592.176000000000
408.212000000000
437.784000000000
449.992000000000
392.720000000000
441.492000000000
396.308000000000
167.232000000000
168.664000000000
234.960000000000
500.188000000000
456.152000000000
722.592000000000
906.528000000000
885.444000000000
466.964000000000
413.252000000000
554.552000000000
779.516000000000
942.208000000000
471.524000000000
1345.56800000000
2472.08800000000
1748.16800000000
2097.13600000000
1671.66400000000
690.196000000000
231.440000000000
115.672000000000
131.240000000000
376.308000000000
491.492000000000
302.580000000000
325.388000000000
415.316000000000
626.556000000000
645.524000000000
502.940000000000
415.128000000000
339.968000000000
339.496000000000
254.304000000000
232.436000000000
205.008000000000
224.240000000000
147.484000000000
146.824000000000
214.136000000000
178.724000000000
192.192000000000
353.736000000000
464.060000000000
381.676000000000
496.816000000000
721.052000000000
667.764000000000
256.092000000000
222.064000000000
232.816000000000
368.468000000000
279.828000000000
272.788000000000
53.2760000000000
232.596000000000
176.036000000000
177.952000000000
419.872000000000
486.716000000000
426.672000000000
369.940000000000
279.448000000000
241.028000000000
226.052000000000
215.016000000000
212.076000000000
313.080000000000
483.908000000000
519.996000000000
358.976000000000
333.288000000000
197.488000000000
135.048000000000
112.488000000000
123.824000000000
162.272000000000
134.840000000000
67.8480000000000
61.9080000000000
202.956000000000
253.584000000000
301.840000000000
285.940000000000
259.420000000000
113.500000000000
138.132000000000
163.556000000000
229.120000000000
244.344000000000
168.800000000000
116.608000000000
301.872000000000
262.072000000000
262.268000000000
214.656000000000
144.400000000000
165.632000000000
171.972000000000
130.888000000000
292.708000000000
146.084000000000
140.580000000000
112.880000000000
105.204000000000
139.940000000000
161.900000000000
167.808000000000
86.2040000000000
91.5760000000000
118.612000000000
115.348000000000
123.776000000000
102.932000000000
114.448000000000
91.4560000000000
102.884000000000
95.4880000000000
139.208000000000
110.596000000000
95.8640000000000
143.796000000000
120.032000000000
284.764000000000
342.020000000000
283.052000000000
283.604000000000
116.644000000000
242.776000000000
164.412000000000
108.724000000000
103.180000000000
149.600000000000
197.288000000000
123.708000000000
74.4000000000000
124.056000000000
93.5920000000000
53.4120000000000
62.5240000000000
97.0280000000000
91.8760000000000
79.0240000000000
207.020000000000
250.284000000000
113.652000000000
96.9920000000000
105.472000000000
146.260000000000
107.272000000000
91.8640000000000
125.260000000000
89.1040000000000
112.996000000000
107.028000000000
101.348000000000
119.192000000000
163.244000000000
216.224000000000
224.276000000000
414.664000000000
269.136000000000
302.796000000000
362.308000000000
119.332000000000
117.324000000000
207.392000000000
200.376000000000
146.312000000000
145.044000000000
258.524000000000
260.300000000000
362.824000000000
498.220000000000
318.764000000000
323.064000000000
277.252000000000
206.748000000000
140.632000000000
243.060000000000
332.920000000000
152.128000000000
91.1040000000000
103.176000000000
131.888000000000
49.2520000000000
48.6120000000000
45.1840000000000
93.4760000000000
193.204000000000
144.728000000000
95.6680000000000
123.960000000000
101.188000000000
88.1360000000000
68.6160000000000
82.1080000000000
89.6440000000000
80.3400000000000
80.3280000000000
129.016000000000
185.220000000000
174.352000000000
161.652000000000
191.836000000000
122.548000000000
186.536000000000
211.592000000000
198.708000000000
231.724000000000
161.996000000000
106.108000000000
103.792000000000
118.432000000000
261.424000000000
256.820000000000
279.680000000000
268.832000000000
245.992000000000
127.480000000000
144.404000000000
148.520000000000
131.904000000000
188.208000000000
209.552000000000
146.588000000000
169.692000000000
275.264000000000
293.476000000000
200.372000000000
228.368000000000
376.320000000000
171.536000000000
294.556000000000
485.572000000000
183.456000000000
151.408000000000
213.360000000000
270.300000000000
187.756000000000
134.832000000000
78.6720000000000
73.3000000000000
84.5640000000000
62.4520000000000
97.0160000000000
95.9760000000000
100.420000000000
77.1920000000000
88.7760000000000
102.568000000000
125.604000000000