127.916000000000
697.188000000000
588.200000000000
421.952000000000
179.216000000000
283.680000000000
300.864000000000
295.660000000000
420.800000000000
304.456000000000
211.088000000000
588.564000000000
1190.97200000000
1178.10000000000
1205.82400000000
1248.12400000000
1258.05600000000
1941.40400000000
2594.37600000000
2353.27600000000
1892.07600000000
1481.08000000000
1090.98400000000
927.440000000000
647.164000000000
594.408000000000
436.184000000000
474.244000000000
639.092000000000
684.064000000000
737.648000000000
538.020000000000
699.376000000000
1351.34000000000
1290.59600000000
898.140000000000
1067.33600000000
1159.76400000000
1079.47600000000
1217.34400000000
1026.57600000000
431.796000000000
422.632000000000
563.800000000000
1003.15600000000
935.020000000000
1515.41200000000
1854.88800000000
1810.41600000000
984.288000000000
856.360000000000
1284.89600000000
1744.54800000000
2046.85600000000
1153.12800000000
2716.38800000000
4446.92800000000
3426.95200000000
4135.61600000000
3447.77600000000
1453.18800000000
551.500000000000
313.856000000000
355.064000000000
965.764000000000
1233.88800000000
725.744000000000
694.600000000000
911.080000000000
1449.89600000000
1455.18000000000
1159.76000000000
947.500000000000
772.916000000000
761.228000000000
600.016000000000
510.200000000000
471.140000000000
490.900000000000
324.008000000000
305.732000000000
484.368000000000
412.340000000000
455.784000000000
773.940000000000
948.328000000000
776.244000000000
996.992000000000
1403.39200000000
1300.45600000000
549.848000000000
460.976000000000
460.736000000000
756.952000000000
610.320000000000
596.856000000000
105.572000000000
490.228000000000
372.688000000000
363.600000000000
858.012000000000
993.168000000000
870.732000000000
761.692000000000
585.312000000000
528.784000000000
494.220000000000
453.260000000000
450.300000000000
642.316000000000
975.276000000000
1050.65600000000
735.404000000000
685.484000000000
405.780000000000
280.796000000000
228.548000000000
253.984000000000
336.936000000000
256.760000000000
134.468000000000
120.008000000000
447.032000000000
538.352000000000
656.104000000000
635.656000000000
659.992000000000
256.576000000000
286.216000000000
339.516000000000
468.544000000000
500.424000000000
344.908000000000
246.696000000000
641.528000000000
548.924000000000
537.056000000000
437.936000000000
289.476000000000
344.880000000000
355.060000000000
271.528000000000
584.292000000000
292.828000000000
286.348000000000
244.840000000000
225
295.824000000000
318.992000000000
331.728000000000
168.880000000000
187.132000000000
240.292000000000
241.336000000000
243.824000000000
201.652000000000
228.792000000000
176.924000000000
205.256000000000
192.040000000000
288.140000000000
223.524000000000
195.900000000000
291.064000000000
235.332000000000
577.480000000000
696.372000000000
566.740000000000
573.456000000000
249.340000000000
535.424000000000
365.308000000000
241.096000000000
232.604000000000
327.344000000000
418.768000000000
265.584000000000
152.556000000000
255.840000000000
192.632000000000
102.936000000000
120.172000000000
199.456000000000
185.488000000000
160.868000000000
419.488000000000
501.488000000000
239.756000000000
200.396000000000
219.552000000000
300.276000000000
227.056000000000
189.856000000000
279.904000000000
185.060000000000
237.548000000000
230.188000000000
221.972000000000
264.756000000000
336.564000000000
439.820000000000
455.480000000000
835.976000000000
555.704000000000
613.296000000000
716.468000000000
242.696000000000
236.164000000000
425.904000000000
425.992000000000
294.428000000000
298.492000000000
540.680000000000
616.580000000000
834.736000000000
1083.64000000000
653.020000000000
713.484000000000
628.672000000000
448.836000000000
291.520000000000
528.148000000000
710.572000000000
318.776000000000
188.780000000000
212.272000000000
272.500000000000
98.4920000000000
98.5760000000000
94.4400000000000
199.260000000000
415.004000000000
310.128000000000
199.940000000000
265.196000000000
211.676000000000
186.384000000000
140.384000000000
170.172000000000
185.140000000000
161.572000000000
166.084000000000
276.316000000000
393.964000000000
374.596000000000
344.176000000000
428.680000000000
255.988000000000
406.720000000000
446.064000000000
425.652000000000
496.652000000000
324.584000000000
214.356000000000
213.448000000000
270.736000000000
546.260000000000
545.116000000000
620.608000000000
561.168000000000
513.264000000000
254.772000000000
289.812000000000
310.016000000000
277.764000000000
399.428000000000
457.312000000000
331.244000000000
375.596000000000
603.744000000000
661.096000000000
446.556000000000
483.516000000000
832.884000000000
380.684000000000
623.960000000000
1014.71600000000
398.648000000000
330.460000000000
468.204000000000
589.232000000000
405.912000000000
279.960000000000
161.564000000000
142.224000000000
168.504000000000
121.340000000000
201.020000000000
200.244000000000
205.756000000000
154.496000000000
178.960000000000
210.916000000000
254.612000000000