37.9680000000000
169.672000000000
145.992000000000
105.164000000000
40.9280000000000
62.9480000000000
65.8880000000000
63.1680000000000
80.6880000000000
65.6320000000000
48.0160000000000
113.232000000000
278.148000000000
285.956000000000
286.684000000000
291.828000000000
288.600000000000
374.712000000000
475.204000000000
443.404000000000
323.900000000000
247.724000000000
205.420000000000
186.400000000000
121.972000000000
109.444000000000
89.4920000000000
96.9480000000000
117.268000000000
128.716000000000
135.248000000000
88.5120000000000
115.052000000000
253.392000000000
269.092000000000
187.884000000000
174.032000000000
175.572000000000
144.812000000000
163.844000000000
158.156000000000
72.9440000000000
74.2080000000000
102.648000000000
253.116000000000
230.264000000000
318.576000000000
404.880000000000
396.800000000000
227.428000000000
209.052000000000
224.652000000000
332.168000000000
397.668000000000
183.040000000000
598.740000000000
1256.07200000000
816.908000000000
939.192000000000
744.196000000000
324.728000000000
98.0680000000000
40.4880000000000
46.7880000000000
140.364000000000
181.088000000000
123.068000000000
150.740000000000
197.100000000000
284.020000000000
300.544000000000
214.688000000000
175.876000000000
149.412000000000
148.716000000000
110.740000000000
108.588000000000
94.3400000000000
108.420000000000
74.1600000000000
78.3360000000000
110.968000000000
90.5280000000000
96.3000000000000
166.964000000000
227.224000000000
196.820000000000
251.624000000000
363.304000000000
341.700000000000
129.756000000000
120.180000000000
124
181.736000000000
136.148000000000
129.896000000000
30.2200000000000
122.340000000000
98.3120000000000
91.9080000000000
211.772000000000
239.904000000000
216.120000000000
185.220000000000
142.108000000000
119.748000000000
114.524000000000
110.260000000000
111.956000000000
163.808000000000
247.008000000000
261.044000000000
181.180000000000
169.804000000000
103.476000000000
73.1240000000000
62.3440000000000
69.9000000000000
87.1040000000000
73.2640000000000
38.4640000000000
34.9760000000000
106.484000000000
133.212000000000
154.944000000000
144.940000000000
120.700000000000
58.0840000000000
71.8600000000000
82.5360000000000
110.608000000000
117.612000000000
84.9880000000000
60.1800000000000
146.364000000000
132.960000000000
130.668000000000
108.276000000000
77.9760000000000
87.7920000000000
91.8680000000000
68.9560000000000
151.208000000000
80.0360000000000
74.7080000000000
59.1560000000000
53.4960000000000
72.4600000000000
87.3280000000000
90.1080000000000
47.8400000000000
49.4800000000000
65.3000000000000
60.1000000000000
68.1920000000000
55.7880000000000
60.9480000000000
50.7240000000000
55.0720000000000
51.8880000000000
71.6440000000000
60.6520000000000
53.1040000000000
75.9320000000000
64.3200000000000
145.148000000000
169.448000000000
144.788000000000
145.556000000000
59.4720000000000
119.224000000000
79.1880000000000
54.8520000000000
52.0520000000000
78.5480000000000
100.900000000000
64.2920000000000
41.1200000000000
65.7480000000000
51.0240000000000
30.9160000000000
35.9240000000000
52.6040000000000
50.0960000000000
42.9440000000000
105.096000000000
129.236000000000
57.1680000000000
50.0600000000000
55.0200000000000
75.0400000000000
54.8280000000000
48.8520000000000
63.7120000000000
46.1920000000000
57.2640000000000
55.4760000000000
51.8080000000000
59.5360000000000
83.2720000000000
108.680000000000
115.616000000000
212.904000000000
139.360000000000
161.908000000000
194.516000000000
65.7840000000000
63.1200000000000
107.832000000000
98.5280000000000
78.0760000000000
77.7640000000000
135.292000000000
112.712000000000
155.752000000000
227.124000000000
154.904000000000
143.004000000000
122.384000000000
93.8520000000000
68.9400000000000
112.308000000000
159.348000000000
77.9240000000000
46.7600000000000
52.8120000000000
68.7120000000000
27.4960000000000
27.4120000000000
24.6520000000000
46.8480000000000
99.6560000000000
76.3680000000000
51.6080000000000
62.7000000000000
55.4080000000000
45.4800000000000
37.6920000000000
44.9000000000000
48.8400000000000
45.7800000000000
42.4480000000000
65.9880000000000
91.7520000000000
90.4720000000000
82.4560000000000
100.412000000000
68.5880000000000
87.4280000000000
107.244000000000
105.732000000000
115.604000000000
89.1040000000000
57.3160000000000
55.0560000000000
54.4880000000000
133.468000000000
124.564000000000
125.292000000000
129.328000000000
118.600000000000
64.5440000000000
72.3960000000000
74.1880000000000
66.6800000000000
92.5600000000000
98.6200000000000
70.0080000000000
78.0440000000000
126.600000000000
139.072000000000
94.5880000000000
110.688000000000
176.152000000000
83.1040000000000
141.116000000000
234.320000000000
89.0680000000000
78.1960000000000
99.0840000000000
125.052000000000
86.8800000000000
65.6040000000000
40.2680000000000
38.5800000000000
44.8200000000000
33.7520000000000
47.4640000000000
48.3360000000000
50.2640000000000
39.5560000000000
46.5240000000000
53.0840000000000
64.5440000000000