6.49600000000000
247.644000000000
236.376000000000
192.636000000000
162.804000000000
174.064000000000
71.3760000000000
74.9360000000000
64.3120000000000
573.560000000000
64.1760000000000
34.3360000000000
142.212000000000
244.252000000000
366.828000000000
749.556000000000
951.940000000000
814.792000000000
1002.40000000000
1131.08000000000
1199.30000000000
1016.39600000000
1074.87600000000
1177.02000000000
1234.36400000000
1068.68400000000
663.536000000000
412.412000000000
277.164000000000
187.140000000000
111.852000000000
62.6920000000000
37.4280000000000
30.5160000000000
27.1240000000000
40.4960000000000
58.4600000000000
102.456000000000
106.252000000000
102.708000000000
125.892000000000
317.260000000000
518.840000000000
502.668000000000
521.520000000000
417.332000000000
518.292000000000
450.028000000000
1084.28000000000
1108.35600000000
1510.70000000000
1368.08000000000
1445.23600000000
1267.44000000000
1604.97200000000
1825.40400000000
700.996000000000
701.004000000000
718.192000000000
427.552000000000
524.004000000000
566.364000000000
686.892000000000
551.344000000000
487.960000000000
426.200000000000
437.340000000000
290.468000000000
372.988000000000
635.472000000000
1252.00800000000
898.188000000000
897.640000000000
490.696000000000
903.516000000000
975.436000000000
1000.99600000000
769.760000000000
698.912000000000
153.404000000000
271.664000000000
1155.62000000000
1090.94800000000
1122.83200000000
1032.84000000000
646.300000000000
240.552000000000
255.088000000000
238.848000000000
272.576000000000
281.052000000000
394.232000000000
954.872000000000
325.540000000000
282.176000000000
621.208000000000
793.184000000000
414.408000000000
334.356000000000
477.600000000000
247.692000000000
648.924000000000
580.584000000000
655.764000000000
300.076000000000
499.172000000000
877.232000000000
967.396000000000
719.488000000000
721.532000000000
404.752000000000
564.796000000000
613.560000000000
432.876000000000
609.036000000000
633.896000000000
886.940000000000
542.832000000000
656.060000000000
498.676000000000
528.080000000000
364.432000000000
486.396000000000
677.620000000000
763.492000000000
676.124000000000
565.408000000000
749.136000000000
354.948000000000
674.700000000000
726.176000000000
442.464000000000
755.412000000000
997.196000000000
744.520000000000
433.012000000000
252.148000000000
209.876000000000
134.448000000000
307.952000000000
396.492000000000
448.860000000000
253.952000000000
177.564000000000
736.240000000000
890.036000000000
869.772000000000
817.628000000000
614.588000000000
372.760000000000
240.156000000000
373.880000000000
360.628000000000
350.452000000000
334.236000000000
467.992000000000
782.544000000000
735.180000000000
566.588000000000
707.924000000000
738.680000000000
710.224000000000
773.660000000000
826.024000000000
566.632000000000
274.464000000000
281.328000000000
377.516000000000
264.536000000000
350.980000000000
363.972000000000
225.668000000000
262.168000000000
84.4840000000000
98.9040000000000
96.8600000000000
216.944000000000
306.036000000000
205.020000000000
196.492000000000
243.744000000000
264.088000000000
116.104000000000
319.588000000000
200.752000000000
280.600000000000
428.368000000000
332.136000000000
296.364000000000
345.984000000000
317.436000000000
123.684000000000
115.428000000000
158.916000000000
252.060000000000
156.320000000000
232.740000000000
246.856000000000
159.980000000000
80.3680000000000
80.8440000000000
117.268000000000
114.676000000000
66.7640000000000
35.0880000000000
36.5320000000000
57.5760000000000
65.7600000000000
67.3840000000000
93.3640000000000
116.116000000000
135.388000000000
287.628000000000
391.380000000000
254.304000000000
291.184000000000
504.360000000000
275.224000000000
67.0560000000000
279.592000000000
483.788000000000
269.260000000000
198.060000000000
197.048000000000
297.620000000000
380.624000000000
273.360000000000
413.756000000000
334.452000000000
302.460000000000
301.776000000000
389.804000000000
353.584000000000
165.928000000000
198.140000000000
231.400000000000
237.232000000000
379.696000000000
973.092000000000
2050.60000000000
301.508000000000
182.164000000000
246.616000000000
246.776000000000
276.656000000000
284.356000000000
325.772000000000
399.876000000000
378.320000000000
313.292000000000
299.472000000000
234.380000000000
309.836000000000
299.152000000000
326.172000000000
96.6080000000000
63.9360000000000
149.620000000000
145.980000000000
144.468000000000
480.400000000000
384.916000000000
86.9080000000000
113.464000000000
169.140000000000
169.776000000000
176.276000000000
660.828000000000
166.060000000000
190.788000000000
171.000000000000
388.352000000000
243.580000000000
246.928000000000
160.084000000000
207.748000000000
319.880000000000
305.088000000000
218.232000000000
226.916000000000
276.968000000000
230.064000000000
258.820000000000
109.608000000000
160.560000000000
284.360000000000
410.112000000000
439.388000000000
381.296000000000
390.740000000000
448.824000000000
372.044000000000
83.7040000000000
78.8280000000000