5.92000000000000
66.9240000000000
71.3480000000000
48.7240000000000
42.8160000000000
48.5880000000000
20.9120000000000
31.3840000000000
26.8320000000000
147.540000000000
14.3240000000000
7.76800000000000
32.0200000000000
55.6120000000000
79.2680000000000
145.816000000000
174.160000000000
146.692000000000
187.716000000000
206.344000000000
218.240000000000
177.864000000000
196.656000000000
211.828000000000
217.656000000000
182.640000000000
110.168000000000
72.1920000000000
47.1760000000000
30.4440000000000
18.7680000000000
10.8400000000000
6.88000000000000
7.54000000000000
8.55600000000000
8.93600000000000
11.1200000000000
23.3520000000000
25.7320000000000
26.5760000000000
35.3480000000000
75.7600000000000
128.980000000000
117.632000000000
122.416000000000
95.3920000000000
122.976000000000
102.528000000000
240.024000000000
254.696000000000
407.072000000000
304.728000000000
341.864000000000
289.536000000000
383.892000000000
439.544000000000
184.944000000000
159.828000000000
167.340000000000
97.9600000000000
123.380000000000
139.416000000000
157.652000000000
93.9680000000000
90.0160000000000
109.448000000000
112.068000000000
76.5200000000000
95.5360000000000
115.760000000000
286.124000000000
173.884000000000
210.668000000000
115.068000000000
231.376000000000
243.380000000000
254.548000000000
217.056000000000
165.580000000000
27.4320000000000
57.0800000000000
272.688000000000
259.744000000000
280.352000000000
239.796000000000
119.612000000000
54.9240000000000
62.6480000000000
59.5360000000000
67.7200000000000
76.2680000000000
116.292000000000
271.920000000000
92.9360000000000
72.5320000000000
140.904000000000
184.592000000000
98.1000000000000
80.1800000000000
106.996000000000
63.2440000000000
152.736000000000
137.728000000000
151.144000000000
73.3320000000000
124.388000000000
218.832000000000
256.728000000000
180.364000000000
181.392000000000
100.564000000000
139.372000000000
141.280000000000
118.888000000000
155.376000000000
163.068000000000
232.688000000000
149.740000000000
172.492000000000
124.736000000000
128.444000000000
92.9640000000000
116.516000000000
166.224000000000
179.604000000000
165.668000000000
137.320000000000
166.072000000000
86.0600000000000
156.692000000000
171.420000000000
106.888000000000
170.764000000000
238.176000000000
176.360000000000
104.972000000000
60.4800000000000
57.2560000000000
33.2040000000000
69.0600000000000
88.4360000000000
105.248000000000
59.1080000000000
40.3080000000000
166.460000000000
219.136000000000
232.144000000000
202.040000000000
151.416000000000
96.0840000000000
62.5960000000000
97.6280000000000
96.0440000000000
91.3880000000000
87.6520000000000
123.780000000000
198.876000000000
181.412000000000
147.128000000000
183.796000000000
197.724000000000
189.480000000000
203.524000000000
223.588000000000
148.744000000000
77.1480000000000
78.7560000000000
98.5760000000000
68.7640000000000
90.6520000000000
99.9880000000000
51.5320000000000
64.4360000000000
19
22.9960000000000
19.7720000000000
46.3000000000000
68.4920000000000
43.3200000000000
39.3960000000000
49.6680000000000
54.1600000000000
32.3960000000000
75.0920000000000
45.2480000000000
59.8120000000000
92.0480000000000
70.6280000000000
65.1200000000000
78.3640000000000
75.5920000000000
29.4080000000000
28.1000000000000
37.8080000000000
63.1200000000000
33.9320000000000
60.1800000000000
64.0480000000000
42.1200000000000
21.8000000000000
21.5960000000000
26.1760000000000
26.0440000000000
19.1640000000000
12.6840000000000
13.0840000000000
16.8880000000000
18.9240000000000
18.3240000000000
23.6440000000000
27.1600000000000
31.4040000000000
60.0720000000000
78.5120000000000
56.4080000000000
64.2440000000000
108.056000000000
64.9640000000000
18.2040000000000
53.1560000000000
91.1320000000000
42.8520000000000
32.0720000000000
32.9880000000000
39.4320000000000
59.8960000000000
47.3720000000000
70.4760000000000
66.9880000000000
56.7520000000000
49.4800000000000
56.2040000000000
51.3600000000000
34.6920000000000
37.9840000000000
43.8120000000000
44.3400000000000
71.5960000000000
257.104000000000
584.280000000000
69.3120000000000
32.6600000000000
47.9040000000000
45.4000000000000
47.6200000000000
51.1640000000000
52.5680000000000
72.0840000000000
69.9600000000000
57.1560000000000
55.5880000000000
45.9160000000000
55.1000000000000
54.5720000000000
72.1920000000000
24.8560000000000
17.0080000000000
34.4280000000000
34.0360000000000
34.4040000000000
105.128000000000
88.5080000000000
24.7280000000000
30.9800000000000
43.2280000000000
39.9520000000000
41.8880000000000
158.292000000000
38.9600000000000
44.5400000000000
40.9280000000000
91.4760000000000
61.7240000000000
60.3880000000000
42.6720000000000
51.4200000000000
75.3880000000000
75.3800000000000
54.6040000000000
58.8280000000000
69.6920000000000
59.7320000000000
68.1800000000000
27.5960000000000
45.9120000000000
74.7360000000000
105.996000000000
103.600000000000
90.2120000000000
89.9200000000000
97.4520000000000
76.8600000000000
14.5800000000000
13.8120000000000