5.98400000000000
14.9480000000000
18.8680000000000
12.5840000000000
11.1000000000000
13.3280000000000
8.53600000000000
10.4920000000000
10.2240000000000
51.0520000000000
7.88400000000000
7.68400000000000
13.2600000000000
21.4240000000000
26.1080000000000
39.7040000000000
44.4200000000000
37.8600000000000
44.8440000000000
47.9240000000000
49.3080000000000
41.2600000000000
45.1720000000000
47.3720000000000
48.5400000000000
40.7400000000000
24.6840000000000
15.6560000000000
11.9440000000000
9.28800000000000
7.54400000000000
6.22000000000000
6.40400000000000
7.34000000000000
7.44000000000000
7.84000000000000
8.46000000000000
11.4160000000000
11.1160000000000
11.3680000000000
14.3400000000000
17.8280000000000
28.9040000000000
24.9400000000000
22.9480000000000
22.1160000000000
30.6360000000000
24.9400000000000
41.3560000000000
42.2080000000000
81.8200000000000
45.1960000000000
56.3720000000000
47.7160000000000
65.6960000000000
70.6480000000000
39.5800000000000
30.6400000000000
32.0840000000000
21.0320000000000
25.0120000000000
28.5960000000000
34.6840000000000
18.8440000000000
15.9520000000000
25.9360000000000
30.6920000000000
21.5840000000000
24.1800000000000
19.8280000000000
41.5840000000000
27.3080000000000
37.9520000000000
26.6560000000000
46.8920000000000
50.4720000000000
47.9240000000000
55.0720000000000
35.3400000000000
9.62800000000000
13.1880000000000
41.0280000000000
42.0160000000000
50.1800000000000
46.2600000000000
20.7240000000000
18.0360000000000
14.2280000000000
14.8800000000000
16.4080000000000
20.6680000000000
32.9320000000000
71.1280000000000
27.6200000000000
20.1800000000000
22.5560000000000
26.7360000000000
18.9520000000000
18.9160000000000
24.2040000000000
16.5480000000000
26.7600000000000
25.2880000000000
26.1480000000000
16.0040000000000
24.3800000000000
43.8880000000000
52.1200000000000
35.6880000000000
33.9480000000000
23.3360000000000
32.3600000000000
27.9960000000000
27.7600000000000
34.5440000000000
37.5320000000000
50.5720000000000
35.5040000000000
36.0760000000000
25.8640000000000
26.3640000000000
20.8720000000000
21.9840000000000
31.7320000000000
33.3920000000000
35.5640000000000
29.7240000000000
28.2240000000000
20.6960000000000
29.2880000000000
30.7840000000000
21.7640000000000
28.9360000000000
39.7240000000000
28.9920000000000
21.3200000000000
13.5440000000000
13.3960000000000
11.2320000000000
15.9600000000000
18.5280000000000
21.0280000000000
17.2840000000000
14.0960000000000
28.9400000000000
39.3400000000000
56.1080000000000
41.8320000000000
32.8240000000000
23.7800000000000
19.2080000000000
23.7960000000000
25.6080000000000
24.4880000000000
22.8720000000000
33.8280000000000
40.7080000000000
35.5920000000000
32.8880000000000
40.4800000000000
41.5840000000000
41.6480000000000
45.7600000000000
47.4080000000000
34.0920000000000
23.0880000000000
23.1360000000000
24.9000000000000
21.0960000000000
24.9080000000000
27.5560000000000
16.0160000000000
18.5120000000000
9.70000000000000
9.21200000000000
8.60800000000000
13.2520000000000
18.2600000000000
14.0400000000000
11.9400000000000
12.8640000000000
16.2320000000000
13.0760000000000
18.7000000000000
16.1520000000000
18.0400000000000
20.5480000000000
16.6680000000000
17.2240000000000
20.8280000000000
20.4160000000000
11.4520000000000
11.1040000000000
12.6680000000000
17.0800000000000
10.5840000000000
16.6840000000000
17.1640000000000
13.9440000000000
9.58000000000000
9.60400000000000
10.7720000000000
10.4600000000000
10.2520000000000
9.26000000000000
8.99200000000000
9.78000000000000
9.46400000000000
8.81600000000000
9.11600000000000
9.51200000000000
10.4520000000000
15.0800000000000
16.8920000000000
15.3960000000000
15.0920000000000
22.4080000000000
17.6520000000000
9.86000000000000
15.4920000000000
20.9240000000000
11.7920000000000
9.88800000000000
9.18000000000000
10.4680000000000
10.7400000000000
12.0480000000000
13.4000000000000
14.6320000000000
15.6920000000000
10.1640000000000
10.9800000000000
11.3280000000000
10.8120000000000
11.3080000000000
11.8440000000000
12.7440000000000
18.2160000000000
39.8960000000000
84.5320000000000
17.1360000000000
10.3320000000000
15.3920000000000
13.1960000000000
12.4680000000000
14.1040000000000
13.0760000000000
17.9440000000000
16.4560000000000
13.9560000000000
12.1280000000000
11.4560000000000
13.3800000000000
11.9160000000000
19.0520000000000
12.1920000000000
9.86400000000000
11.2680000000000
11.9920000000000
11.7360000000000
19.1680000000000
17.1240000000000
10.4920000000000
11.0760000000000
13.4240000000000
11.2880000000000
12.2800000000000
24.0040000000000
11.2400000000000
11.8720000000000
11.5960000000000
18.3800000000000
14.0760000000000
13.8440000000000
11.0320000000000
12.4320000000000
16.9520000000000
16.4680000000000
12.9560000000000
14.2360000000000
14.9640000000000
14.1960000000000
16.0200000000000
9.23600000000000
13.3360000000000
20.2800000000000
21.5120000000000
19.0680000000000
19.8560000000000
17.0440000000000
16.1160000000000
14.0560000000000
7.99600000000000
8.63600000000000