6.16400000000000
27.8360000000000
31.8040000000000
21.1800000000000
18.8000000000000
22.3760000000000
12.6840000000000
17.5360000000000
15.8440000000000
73.9160000000000
10.6280000000000
7.89200000000000
18.6600000000000
29.5920000000000
40.1840000000000
66.1080000000000
76.1960000000000
65.0880000000000
80.9800000000000
87.1760000000000
90.6920000000000
75.0480000000000
82.4720000000000
87.6280000000000
88.7880000000000
74.0200000000000
45.4320000000000
30.1960000000000
20.2600000000000
14.9240000000000
10.6440000000000
8.24400000000000
8.08400000000000
7.68800000000000
7.91600000000000
8.13200000000000
8.35200000000000
14.7160000000000
16.3000000000000
15.7400000000000
20.7680000000000
31.4920000000000
54.8800000000000
48.0040000000000
46.9840000000000
39.6480000000000
53.4560000000000
44.7800000000000
87.2640000000000
91.6280000000000
161.988000000000
102.716000000000
124.176000000000
103.160000000000
144.308000000000
153.380000000000
75.7280000000000
60.6480000000000
64.7960000000000
40.7480000000000
49.3640000000000
55.6240000000000
65.8760000000000
37.5160000000000
35.6360000000000
46.5280000000000
51.9720000000000
35.6960000000000
41.9720000000000
40.2280000000000
89.2360000000000
55.6480000000000
79.3120000000000
46.6400000000000
92.1280000000000
96.3560000000000
99.3040000000000
97.7360000000000
64.7240000000000
12.3200000000000
22.9040000000000
94.5400000000000
93.0560000000000
107.036000000000
90.7760000000000
40.4520000000000
25.5200000000000
24.4880000000000
24.3840000000000
28.0040000000000
33.1280000000000
54.0560000000000
126.032000000000
46.6920000000000
32.5840000000000
46.8880000000000
61.0280000000000
36.0400000000000
32.9120000000000
43.0240000000000
26.3640000000000
55.7480000000000
53.0120000000000
54.8720000000000
29.5280000000000
48.9440000000000
85.0760000000000
105.196000000000
70.8280000000000
71.6160000000000
43.9680000000000
59.5840000000000
57.3120000000000
50.5480000000000
67.1000000000000
69.4200000000000
98.2160000000000
66.2360000000000
70.4680000000000
49.8360000000000
51.9200000000000
36.5840000000000
43.1160000000000
61.7240000000000
67.6040000000000
68.9520000000000
56.9200000000000
60.8480000000000
36.9840000000000
60.9680000000000
63.4080000000000
41.2160000000000
60.1920000000000
85.7440000000000
63.7080000000000
43.2200000000000
24.2720000000000
26.3120000000000
16.8680000000000
30.2600000000000
34.4120000000000
40.8160000000000
28.1160000000000
21.5040000000000
60.6640000000000
81.7440000000000
103.380000000000
81.8840000000000
63.0520000000000
42.7160000000000
30.6400000000000
42.9520000000000
43.6800000000000
42.3720000000000
40.1240000000000
56.2280000000000
80.6800000000000
71.7360000000000
60.8600000000000
75.4840000000000
78.3160000000000
80.2040000000000
86.3320000000000
93.2960000000000
63.6080000000000
37.3280000000000
37.3160000000000
42.6280000000000
33.2280000000000
41.9320000000000
49.2880000000000
23.2000000000000
29.2640000000000
10.6640000000000
12.4160000000000
11.2680000000000
20.4720000000000
29.0520000000000
19.6160000000000
17.1280000000000
21.0800000000000
24.3480000000000
17.2120000000000
31.3760000000000
22.5160000000000
26.2760000000000
36.0760000000000
28.5880000000000
27.9040000000000
34.8120000000000
32.2680000000000
14.9360000000000
14.1000000000000
17.3880000000000
28.3240000000000
16.5720000000000
27.1360000000000
28.7120000000000
20.4320000000000
12.3400000000000
12.3200000000000
14.4080000000000
13.4040000000000
11.5760000000000
8.97600000000000
9.10400000000000
10.7040000000000
10.6280000000000
10.5520000000000
11.9560000000000
12.7400000000000
14.8960000000000
24.8120000000000
30.4400000000000
23.8520000000000
26.5240000000000
42.4640000000000
28.9600000000000
11.1440000000000
22.0240000000000
35.2200000000000
16.3200000000000
12.5920000000000
12.5920000000000
15.1320000000000
21.5560000000000
19.2320000000000
27.7120000000000
26.5640000000000
23.7840000000000
15.3200000000000
17.7000000000000
18.1360000000000
14.4400000000000
15.8400000000000
18.8600000000000
20.0480000000000
30.9080000000000
93.8840000000000
209.740000000000
29.5200000000000
15.9360000000000
24.0840000000000
21.5160000000000
21.7040000000000
23.6920000000000
21.1800000000000
31.1120000000000
30.8480000000000
23.7000000000000
20.3800000000000
19.0720000000000
22.8120000000000
20.7160000000000
29.3480000000000
14.5840000000000
10.6560000000000
16.6080000000000
17.1480000000000
17.7760000000000
39
33.1320000000000
14.7840000000000
16.6440000000000
20.8040000000000
18.3800000000000
18.4240000000000
53.5080000000000
18.1000000000000
17.8640000000000
17.2320000000000
34.7160000000000
25.5560000000000
24.8160000000000
18.0920000000000
20.9360000000000
31.4840000000000
31.2560000000000
23.1880000000000
26.3480000000000
28.4000000000000
25.8680000000000
29.8360000000000
13.4560000000000
22.4440000000000
34.2560000000000
43.1880000000000
39.4600000000000
36.6080000000000
33.5120000000000
34.8080000000000
29.0600000000000
10.0200000000000
9.95200000000000