6.13600000000000
125.512000000000
129.096000000000
92.8080000000000
82.6160000000000
91.7560000000000
37.0680000000000
49.1120000000000
41.8200000000000
289.760000000000
26.3880000000000
12.5480000000000
64.1160000000000
111.656000000000
165.428000000000
319.452000000000
388.024000000000
336.208000000000
425.672000000000
471.492000000000
495.620000000000
418.592000000000
452.480000000000
488.216000000000
506.240000000000
431.084000000000
266.160000000000
173.132000000000
112.936000000000
73.8280000000000
42.1520000000000
21.8480000000000
12.7440000000000
10.0760000000000
9.40800000000000
12.6000000000000
18.8800000000000
42.4920000000000
46.8520000000000
47.8920000000000
63.0200000000000
152.328000000000
253.652000000000
237.216000000000
246.708000000000
200.476000000000
249.184000000000
205.136000000000
511.752000000000
534.104000000000
797.464000000000
661.048000000000
712.664000000000
613.444000000000
794.272000000000
913.852000000000
357.868000000000
339.136000000000
343.468000000000
197.364000000000
251.032000000000
277.160000000000
318.268000000000
216.740000000000
199.608000000000
212.920000000000
213.064000000000
145.116000000000
186.072000000000
267.160000000000
619.964000000000
406.800000000000
437.220000000000
232.288000000000
450.864000000000
487.904000000000
501.880000000000
401.684000000000
341.660000000000
63.2720000000000
123.796000000000
572.976000000000
540.840000000000
564.272000000000
501.388000000000
286.020000000000
114.092000000000
125.912000000000
118.128000000000
135.052000000000
144.256000000000
202.068000000000
501.900000000000
168.076000000000
139.220000000000
303.692000000000
395.604000000000
203.248000000000
163.028000000000
222.428000000000
123.572000000000
315.348000000000
283.420000000000
318.356000000000
146.856000000000
247.288000000000
438.184000000000
503.552000000000
362.500000000000
363.968000000000
196.644000000000
278.196000000000
286.168000000000
222.500000000000
301.380000000000
316.636000000000
456.708000000000
283.628000000000
340.004000000000
249.288000000000
256.844000000000
178.780000000000
236.188000000000
336.324000000000
369.580000000000
327.340000000000
280.528000000000
355.848000000000
167.792000000000
323.108000000000
353.664000000000
215.012000000000
363.456000000000
493.680000000000
364.608000000000
213.120000000000
122.200000000000
107.224000000000
63.1800000000000
139.520000000000
183.228000000000
213.456000000000
114.684000000000
76.3440000000000
352.252000000000
440.188000000000
446.204000000000
402.868000000000
297.592000000000
180.348000000000
116.908000000000
184.704000000000
180.236000000000
175.604000000000
163.832000000000
235.972000000000
389.900000000000
367.696000000000
290.084000000000
365.224000000000
380.632000000000
364.956000000000
398.328000000000
429.332000000000
284.628000000000
140.248000000000
143.660000000000
189.280000000000
129.452000000000
171.804000000000
187.808000000000
101.012000000000
128.564000000000
38.2480000000000
45.3480000000000
41.0160000000000
95.9160000000000
137.400000000000
88.1720000000000
81.3200000000000
101.952000000000
111.852000000000
59.2000000000000
150.592000000000
87.1720000000000
122.560000000000
194.380000000000
150.576000000000
135.824000000000
157.392000000000
150.784000000000
56.8720000000000
53.1080000000000
74.1320000000000
125.156000000000
70.2600000000000
113.472000000000
122.572000000000
78.6360000000000
39.6080000000000
39.8720000000000
48.6040000000000
48.6200000000000
32.7560000000000
17.8640000000000
18.8800000000000
28.8560000000000
33.0800000000000
34.1560000000000
42.9880000000000
51.6240000000000
61.1920000000000
127.384000000000
170.232000000000
115.576000000000
129.868000000000
228.760000000000
127.192000000000
31.0960000000000
118.072000000000
208.320000000000
111.432000000000
82.4480000000000
79.5040000000000
114.680000000000
155.856000000000
111.808000000000
179.200000000000
144.252000000000
133.572000000000
122.280000000000
151.212000000000
132.844000000000
74.9960000000000
83.6760000000000
96.8800000000000
94.4960000000000
154.392000000000
501.548000000000
1115.40800000000
139.736000000000
73.5480000000000
99.4280000000000
100.384000000000
105.920000000000
115.528000000000
126.824000000000
163.388000000000
160.980000000000
125.888000000000
124.408000000000
98.5560000000000
131.872000000000
127.064000000000
150.260000000000
45.6240000000000
30.2080000000000
68.6320000000000
67.2040000000000
68.3840000000000
223.688000000000
183.064000000000
44.2360000000000
56.7200000000000
82.4040000000000
78.2200000000000
84.3400000000000
328.796000000000
77.2760000000000
91.1360000000000
82.4560000000000
189.300000000000
127.112000000000
122.396000000000
80.8400000000000
103.072000000000
154.052000000000
149.240000000000
106.196000000000
113.268000000000
135.260000000000
113.244000000000
129.428000000000
52.8640000000000
81.8520000000000
141.016000000000
206.104000000000
213.516000000000
180.368000000000
184.104000000000
208.780000000000
168.088000000000
33.8680000000000
31.3120000000000