5.84000000000000
41.3080000000000
47.0480000000000
30.5800000000000
27.3120000000000
32.1120000000000
14.7760000000000
22.0800000000000
19.3000000000000
101.292000000000
13.8760000000000
9.33200000000000
24.6440000000000
39.9240000000000
54.7560000000000
92.6320000000000
108.520000000000
93.2920000000000
117.304000000000
128.444000000000
134.136000000000
111.156000000000
122.132000000000
130.620000000000
132.816000000000
111.144000000000
68.2200000000000
45.5600000000000
30.2200000000000
20.7200000000000
14.0520000000000
9.99600000000000
7.90000000000000
8.16400000000000
8.36000000000000
8.50400000000000
10.2440000000000
18.4880000000000
19.0240000000000
19.7560000000000
26.8400000000000
48.4600000000000
82.4080000000000
75.2800000000000
75.3840000000000
59.5000000000000
79.0760000000000
68.8480000000000
144.576000000000
152.816000000000
254.744000000000
176.432000000000
205.276000000000
173.428000000000
234.664000000000
261.616000000000
116.700000000000
96.9960000000000
103.476000000000
61.7240000000000
77.5720000000000
88.1240000000000
101.632000000000
58.4360000000000
56.1880000000000
71.5560000000000
74.7160000000000
50.6840000000000
62.4240000000000
66.5680000000000
158.732000000000
97.1160000000000
129.740000000000
73.1240000000000
145.712000000000
152.100000000000
159.620000000000
143.036000000000
103.076000000000
17.5640000000000
35.0920000000000
160.144000000000
156.308000000000
172.792000000000
145.724000000000
66.7400000000000
35.5920000000000
38.3440000000000
37.3640000000000
42.2680000000000
49.6080000000000
77.4920000000000
185.488000000000
63.9280000000000
47.9360000000000
80.8400000000000
107.560000000000
58.8600000000000
50.0920000000000
65.8560000000000
40.4880000000000
92.0600000000000
85.7040000000000
91.4400000000000
45.9880000000000
77.4320000000000
134.960000000000
162.484000000000
110.592000000000
114.284000000000
65.6840000000000
89.9840000000000
89.1560000000000
78.0440000000000
100.836000000000
105.644000000000
151.976000000000
98.3800000000000
109.672000000000
79.1640000000000
80.4400000000000
57.8600000000000
71.0600000000000
102.196000000000
109.212000000000
105.804000000000
86.6080000000000
99.3560000000000
54.6320000000000
96.7440000000000
104.672000000000
66.8080000000000
100.540000000000
142.232000000000
106.408000000000
66.1000000000000
37.7480000000000
38.5360000000000
22.8880000000000
46.3000000000000
55.7120000000000
66.6800000000000
39.5520000000000
28.6960000000000
100.104000000000
135.340000000000
153.436000000000
126.920000000000
97.5960000000000
63.7240000000000
43.2960000000000
64.6880000000000
63.3640000000000
61.5760000000000
58.3320000000000
81.7840000000000
126.128000000000
112.592000000000
94.8000000000000
117.064000000000
122.968000000000
122.148000000000
132.388000000000
143.436000000000
97.7880000000000
52.5520000000000
52.8200000000000
63.9800000000000
46.7200000000000
61.3360000000000
68.7520000000000
33.1400000000000
42.3840000000000
13.6680000000000
16.7760000000000
14.2160000000000
30.3600000000000
44.6280000000000
28.2920000000000
25.1240000000000
31.1680000000000
34.5200000000000
22.7360000000000
47.6880000000000
31.4840000000000
38.2680000000000
55.9160000000000
43.0000000000000
41.2920000000000
51.5120000000000
49.2680000000000
19.7880000000000
18.8960000000000
24.7680000000000
41.7640000000000
22.6880000000000
39.8920000000000
43.7480000000000
29.0600000000000
15.3080000000000
15.5320000000000
18.5560000000000
18.3120000000000
14.5000000000000
10.3280000000000
10.4360000000000
12.1880000000000
13.3080000000000
12.9360000000000
16.2800000000000
18.3640000000000
21.4920000000000
37.5480000000000
47.9040000000000
34.9080000000000
40.3360000000000
66.9160000000000
42.5920000000000
13.5080000000000
31.6120000000000
53.6440000000000
24.5560000000000
18.7360000000000
18.9560000000000
22.4680000000000
36.8880000000000
28.5360000000000
41.9080000000000
41.5360000000000
34.1800000000000
25.5880000000000
29.2720000000000
29.0320000000000
20.8480000000000
23.3040000000000
28.1000000000000
28.0720000000000
45.5720000000000
157.656000000000
356.780000000000
43.6680000000000
21.7680000000000
31.7120000000000
28.9640000000000
30.8200000000000
34.0640000000000
32.6520000000000
46.0560000000000
44.6680000000000
35.4440000000000
33.1160000000000
29.3920000000000
33.9680000000000
33.6160000000000
44.3160000000000
18.3320000000000
13.2960000000000
22.9320000000000
22.8520000000000
23.3920000000000
63.1920000000000
53.4040000000000
18.1080000000000
22.2520000000000
29.0120000000000
27.3720000000000
26.8960000000000
93.5080000000000
26.1600000000000
27.5120000000000
25.2880000000000
56.3680000000000
38.6960000000000
37.7640000000000
27.1560000000000
32.4600000000000
48.3400000000000
48.4880000000000
34.8480000000000
38.9920000000000
43.9960000000000
39.1160000000000
44.8440000000000
18.1200000000000
31.6200000000000
49.2240000000000
66.8680000000000
63.3800000000000
56.5520000000000
54.1640000000000
57.8480000000000
47.1800000000000
10.5160000000000
10.1280000000000