11.4560000000000
12.5320000000000
12.0080000000000
20.0720000000000
36.4640000000000
20.9480000000000
13.7640000000000
16.2600000000000
22.2360000000000
22.0240000000000
21.9040000000000
22.2920000000000
19.7400000000000
14.3520000000000
17.4120000000000
17.3920000000000
14.9000000000000
18.6520000000000
19.4240000000000
19.3240000000000
19.6200000000000
19.1080000000000
19.0240000000000
18.8280000000000
19.5720000000000
19.1440000000000
18.8440000000000
19.3800000000000
18.1480000000000
21.8320000000000
61.7280000000000
29.5480000000000
73.7360000000000
85.9760000000000
23.1840000000000
10.1160000000000
16.7880000000000
18.9800000000000
18.9440000000000
18.0520000000000
17.7040000000000
28.3320000000000
35.0680000000000
23.3360000000000
32.5640000000000
45.1480000000000
47.2440000000000
51.9840000000000
42.2760000000000
44.2160000000000
48.1280000000000
41.3080000000000
34.9040000000000
22.9000000000000
29.1440000000000
52.6360000000000
71.0960000000000
64.7040000000000
67.4560000000000
72.3600000000000
58.6200000000000
56.1840000000000
55.0640000000000
52.7040000000000
47.0320000000000
33.8200000000000
58.2720000000000
55.1960000000000
28.5400000000000
15.7800000000000
15.1680000000000
13.9040000000000
13.9800000000000
13.2880000000000
27.2800000000000
53.3600000000000
57.4320000000000
56.0640000000000
57.0440000000000
57.1680000000000
50.6080000000000
71.0720000000000
59.8360000000000
91.3640000000000
35.7280000000000
17.3240000000000
7.78400000000000
6.87200000000000
7.20800000000000
7.75600000000000
8.66400000000000
16.5040000000000
26.1600000000000
11.3480000000000
11.3200000000000
11.4760000000000
11.6360000000000
12.1840000000000
12.5600000000000
12.5040000000000
12.4200000000000
12.8720000000000
13.3760000000000
14.1840000000000
13.2480000000000
14.0640000000000
14.0320000000000
14.7080000000000
14.2480000000000
14.2120000000000
14.5040000000000
14.4600000000000
26.7280000000000
35.1240000000000
51.8960000000000
96.4280000000000
90.1480000000000
120.480000000000
104.752000000000
65.4040000000000
46.7120000000000
161.736000000000
164.036000000000
136.060000000000
138.008000000000
39.1880000000000
71.2000000000000
102.436000000000
73.4320000000000
68.3880000000000
67.7200000000000
79.2280000000000
71.5000000000000
47.1400000000000
23.6520000000000
22.5360000000000
28.1080000000000
27.3040000000000
25.6040000000000
62.8680000000000
69.0200000000000
79.2880000000000
88.7800000000000
91.4680000000000
107.172000000000
47.6240000000000
157.476000000000
218.444000000000
199.184000000000
192.000000000000
197.512000000000
198.340000000000
179.436000000000
168.428000000000
141.012000000000
161.056000000000
202.416000000000
167.020000000000
75.7920000000000
37.2680000000000
46.1440000000000
59.3160000000000
74.7640000000000
70.6840000000000
63.6800000000000
45.9480000000000
52.6000000000000
44.1120000000000
57.3680000000000
49.7200000000000
93.8400000000000
144.276000000000
147.160000000000
138.212000000000
115.004000000000
51.5680000000000
43.8320000000000
48.1760000000000
54.4960000000000
63.5680000000000
70.2720000000000
60.5200000000000
65.4880000000000
64.6440000000000
65.3880000000000
68.4880000000000
64.5520000000000
63.2320000000000
32.6360000000000
51.3560000000000
68.3480000000000
90.1560000000000
81.4840000000000
109.104000000000
107.316000000000
107.472000000000
102.076000000000
76.9720000000000
84.0080000000000
93.1120000000000
118.600000000000
83.3480000000000
110.732000000000
114.136000000000
120.552000000000
121.568000000000
96.7680000000000
51.0600000000000
106.056000000000
100.964000000000
67.7520000000000
38.9640000000000
37.7920000000000
34.0160000000000
28.7800000000000
20.0880000000000
20.0520000000000
20.2280000000000
20.4600000000000
20.2640000000000
20.7040000000000
41.5480000000000
48.9840000000000
71.5080000000000
69.7880000000000
77.5880000000000
63.6320000000000
87.1160000000000
69.2280000000000
34.2480000000000
30.6240000000000
21.3360000000000
33.3600000000000
43.0760000000000
69.4600000000000
67.0240000000000
73.3800000000000
64.5080000000000
80.3840000000000
109.812000000000
114.936000000000
101.708000000000
118.904000000000
135.996000000000
91.3480000000000
90.7760000000000
37.7560000000000
113.280000000000
103.444000000000
92.2400000000000
112.440000000000
126.276000000000
133.968000000000
156.908000000000
194.340000000000
200.720000000000
216.796000000000
222.076000000000
219.476000000000
182.868000000000
98.0800000000000
106.600000000000
108.476000000000
118.812000000000
68.9880000000000
33.3400000000000
76.4560000000000
96.5360000000000
225.080000000000
177.104000000000
123.800000000000
63.8000000000000
66.1840000000000
75.5760000000000
74.4760000000000
71.4720000000000
65.6760000000000
51.5080000000000
40.7720000000000
60.8200000000000
53.5240000000000
50.2000000000000
52.2080000000000
66.6240000000000
92.6040000000000
125.268000000000
133.640000000000
109.324000000000
72.0040000000000
29.0480000000000
28.9160000000000
29.2120000000000
30.2000000000000
30.9240000000000