24.1800000000000
27.5920000000000
26.4480000000000
106.456000000000
241.912000000000
129.752000000000
46.6560000000000
51.6280000000000
68.6040000000000
72.4240000000000
69.1280000000000
68.9600000000000
73.4160000000000
36.1760000000000
41.4800000000000
41.3080000000000
45.5360000000000
45.2520000000000
49.7400000000000
50.3280000000000
51.4760000000000
49.9920000000000
47.4920000000000
46.7160000000000
49.6040000000000
49.6080000000000
48.8400000000000
50.9200000000000
49.1400000000000
65.7120000000000
351.640000000000
219.232000000000
460.224000000000
552.804000000000
113.592000000000
44.0960000000000
109.376000000000
126.776000000000
119.396000000000
115.648000000000
109.680000000000
189.488000000000
270.372000000000
203.012000000000
270.516000000000
341.068000000000
502.444000000000
331.604000000000
246.760000000000
227.904000000000
195.264000000000
203.292000000000
271.836000000000
248.348000000000
299.856000000000
408.520000000000
502.404000000000
445.836000000000
462.732000000000
524.192000000000
433.536000000000
382.484000000000
302.980000000000
371.064000000000
300.680000000000
138.180000000000
382.528000000000
370.124000000000
162.336000000000
73.1560000000000
68.6000000000000
66.0640000000000
57.2760000000000
48.0160000000000
224.452000000000
555.480000000000
555.364000000000
517.784000000000
509.168000000000
533.736000000000
409.384000000000
437.988000000000
420.524000000000
700.516000000000
236.684000000000
52.4120000000000
10.1120000000000
11.0280000000000
11.8600000000000
13.5760000000000
19.5760000000000
56.9200000000000
76.8960000000000
22.6040000000000
23.1360000000000
23.7480000000000
24.6480000000000
25.2760000000000
26.3320000000000
25.7120000000000
27.3600000000000
28.3360000000000
28.0560000000000
29.0560000000000
30.1200000000000
30.3200000000000
30.0640000000000
32.5240000000000
32.7280000000000
32.3120000000000
32.6760000000000
32.9640000000000
110.824000000000
165.116000000000
321.652000000000
523.576000000000
519.112000000000
780.248000000000
665.728000000000
477.748000000000
305.120000000000
923.420000000000
999.888000000000
884.604000000000
810.932000000000
284.448000000000
565.460000000000
642.932000000000
514.508000000000
520.372000000000
575.280000000000
633.600000000000
521.652000000000
400.532000000000
151.976000000000
129.764000000000
158.780000000000
122.056000000000
195.276000000000
397.496000000000
422.388000000000
523.688000000000
695.144000000000
757.972000000000
914.964000000000
313.368000000000
908.508000000000
1375.57200000000
1437.24000000000
1415.36000000000
1407.31600000000
1261.44400000000
1139.07600000000
1049.73200000000
725.328000000000
764.804000000000
977.228000000000
807.528000000000
383.704000000000
205.216000000000
230.776000000000
240.696000000000
312.876000000000
293.240000000000
255.524000000000
168.824000000000
221.184000000000
181.444000000000
302.792000000000
293.620000000000
628.876000000000
899.916000000000
808.676000000000
612.796000000000
494.940000000000
304.388000000000
301.756000000000
330.012000000000
390.460000000000
457.772000000000
504.988000000000
443.912000000000
474.764000000000
521.324000000000
559.700000000000
546.920000000000
447.276000000000
396.436000000000
118.976000000000
221.616000000000
338.772000000000
413.464000000000
313.424000000000
506.684000000000
488.688000000000
403.284000000000
461.864000000000
298.436000000000
286.552000000000
427.872000000000
485.380000000000
338.240000000000
479.856000000000
587.236000000000
633.992000000000
553.604000000000
385.616000000000
261.700000000000
486.376000000000
383.832000000000
332.472000000000
250.456000000000
242.208000000000
217.552000000000
167.916000000000
99.9440000000000
99.4040000000000
101.484000000000
103.704000000000
102.856000000000
103.976000000000
196.816000000000
200.768000000000
310.880000000000
302.832000000000
307.320000000000
273.020000000000
339.988000000000
315.776000000000
180.856000000000
156.956000000000
94.2800000000000
156.968000000000
258.476000000000
444.516000000000
460.336000000000
527.044000000000
374.296000000000
410.388000000000
575.448000000000
592.548000000000
539.020000000000
632.368000000000
733.052000000000
577.208000000000
587.952000000000
257.432000000000
925.084000000000
896.360000000000
839.656000000000
998.736000000000
1057.55200000000
1134.94800000000
1299.63600000000
1434.36000000000
1466.22000000000
1583.04400000000
1649.03200000000
1717.76000000000
1310.92800000000
436.336000000000
504.736000000000
509.000000000000
551.636000000000
306.456000000000
151.996000000000
338.144000000000
419.672000000000
2022.96400000000
1614.08000000000
966.352000000000
324.328000000000
386.732000000000
507.940000000000
539.296000000000
511.388000000000
479.552000000000
338.148000000000
182.868000000000
304.224000000000
321.696000000000
306.832000000000
280.692000000000
374.736000000000
542.636000000000
710.928000000000
776.928000000000
653.224000000000
451.856000000000
205.652000000000
211.188000000000
218.340000000000
228.412000000000
229.836000000000