42.0680000000000
41.3360000000000
40.9960000000000
234.428000000000
550.048000000000
286.964000000000
93.7640000000000
106.076000000000
133.604000000000
145.504000000000
141.780000000000
139.372000000000
145.952000000000
59.4960000000000
75.1760000000000
71.7880000000000
80.1440000000000
87.6040000000000
97.8240000000000
101.200000000000
100.880000000000
98.6720000000000
96.3600000000000
90.9040000000000
97.2480000000000
97.3800000000000
96.7720000000000
98.5800000000000
96.2960000000000
149.936000000000
836.756000000000
550.636000000000
1100.80800000000
1222.36400000000
323.252000000000
146.392000000000
286.988000000000
309.216000000000
299.716000000000
296.420000000000
275.248000000000
456.860000000000
654.956000000000
515.624000000000
660.828000000000
795.940000000000
1209.44000000000
800.492000000000
611.472000000000
557.596000000000
435.996000000000
516.940000000000
921.184000000000
682.964000000000
828.416000000000
1121.59600000000
1286.62000000000
1173.05200000000
1198.78400000000
1312.78800000000
1161.37600000000
959.200000000000
703.820000000000
923.768000000000
743.064000000000
343.260000000000
954.160000000000
950.224000000000
424.520000000000
211.248000000000
214.328000000000
203.736000000000
176.868000000000
144.512000000000
574.372000000000
1330.61600000000
1315.45600000000
1231.79600000000
1213.55200000000
1286.28000000000
987.924000000000
1006.13200000000
1003.48400000000
1577.62000000000
570.448000000000
108.200000000000
15
16.1680000000000
18.2880000000000
23.6080000000000
35.1760000000000
107.356000000000
146.984000000000
42.5520000000000
43.2520000000000
45.7680000000000
47.6800000000000
48.7040000000000
50.3040000000000
50.1760000000000
52.9440000000000
56.0560000000000
55.1160000000000
57.7240000000000
59.5200000000000
59.5560000000000
59.4640000000000
63.8520000000000
64.0400000000000
64.1440000000000
64.5600000000000
64.2840000000000
272.928000000000
410.576000000000
733.200000000000
1129.02000000000
1157.65600000000
1659.41200000000
1452.65200000000
1116.82800000000
722.044000000000
1853.46000000000
2024.88800000000
1868.84800000000
1750.40400000000
686.016000000000
1300.24400000000
1448.74800000000
1201.20000000000
1387.51200000000
1434.76000000000
1500.27200000000
1327.54400000000
1020.60800000000
399.308000000000
336.612000000000
387.852000000000
319.680000000000
503.824000000000
1019.68000000000
1086.47200000000
1322.94400000000
1724.18000000000
1854.46400000000
2164.33200000000
741.464000000000
1887.87200000000
2781.79200000000
2910.02800000000
2838.92400000000
2862.85600000000
2582.70400000000
2358.96000000000
2168.93600000000
1461.88800000000
1481.30000000000
1901.81600000000
1592.24800000000
899.572000000000
566.184000000000
571.568000000000
538.380000000000
704.384000000000
656.764000000000
573.704000000000
374.320000000000
491.396000000000
442.792000000000
680.324000000000
683.100000000000
1351.45200000000
1890.75600000000
1671.04800000000
1215.99600000000
999.852000000000
798.908000000000
878.488000000000
953.188000000000
1089.92800000000
1236.72400000000
1338.09200000000
1259.74800000000
1288.68800000000
1422.23600000000
1412.48800000000
1301.36800000000
1025.45600000000
905.700000000000
261.424000000000
483.260000000000
727.512000000000
903.252000000000
636.728000000000
1101.27600000000
1072.34000000000
784.280000000000
907.436000000000
619.516000000000
573.992000000000
908.060000000000
990.520000000000
721.656000000000
983.368000000000
1185.80400000000
1318.08800000000
1175.28000000000
806.456000000000
628.220000000000
995.472000000000
797.736000000000
813.848000000000
700.320000000000
670.500000000000
592.260000000000
451.536000000000
240.032000000000
237.196000000000
250.184000000000
244.664000000000
250.368000000000
251.432000000000
422.604000000000
438.372000000000
671.924000000000
652.576000000000
614.416000000000
567.696000000000
686.604000000000
668.204000000000
391.868000000000
336.920000000000
199.236000000000
328.608000000000
640.464000000000
1195.95200000000
1230.49200000000
1328.65600000000
852.588000000000
890.108000000000
1214.66400000000
1264.48800000000
1153.10000000000
1339.20800000000
1538.11200000000
1278.89600000000
1288.14000000000
561.328000000000
2064.90000000000
2025.47600000000
1946.91600000000
2281.46400000000
2458.71600000000
2619.47600000000
2893.23600000000
3067.22800000000
3223.43200000000
3539.11200000000
3667.32800000000
3780.42000000000
2849.19600000000
901.668000000000
1060.17200000000
1055.95600000000
1121.18000000000
654.704000000000
374.184000000000
689.104000000000
862.392000000000
4058.96800000000
3322.44800000000
2034.71600000000
705.460000000000
902.244000000000
1244.74800000000
1365.47600000000
1293.68800000000
1262.88800000000
886.500000000000
445.216000000000
724.572000000000
849.372000000000
852.556000000000
691.692000000000
895.496000000000
1225.04000000000
1546.68800000000
1665.62800000000
1437.29600000000
1036.37200000000
540.100000000000
545.728000000000
570.548000000000
586.944000000000
593.128000000000