20.3600000000000
24.1840000000000
21.7000000000000
49.3960000000000
104.024000000000
57.7840000000000
27.2440000000000
30.7640000000000
40.7440000000000
42.3640000000000
41.0200000000000
40.4400000000000
43.3160000000000
23.1400000000000
27.3600000000000
27.1200000000000
26.8520000000000
29.5520000000000
31.1360000000000
31.5320000000000
32.2320000000000
31.1760000000000
30.2840000000000
29.0360000000000
31.5200000000000
30.9080000000000
30.6640000000000
31.7160000000000
30.5840000000000
37.2960000000000
164.080000000000
91.9080000000000
207.980000000000
253.488000000000
49.8840000000000
18.1720000000000
47.1160000000000
55.5320000000000
52.7320000000000
50.0600000000000
47.3320000000000
80.4200000000000
113.332000000000
79.0880000000000
105.660000000000
147.444000000000
182.432000000000
136.608000000000
108.976000000000
106.404000000000
98.7800000000000
94.7200000000000
105.380000000000
91.0880000000000
117.596000000000
154.868000000000
204.164000000000
179.904000000000
187.884000000000
213.088000000000
169.480000000000
162.344000000000
141.904000000000
152.752000000000
131.280000000000
67.8880000000000
162.256000000000
153.376000000000
70.3560000000000
34.2240000000000
31.1480000000000
30.6440000000000
26.3400000000000
23.7480000000000
92.8120000000000
218.144000000000
223.632000000000
207.500000000000
209.228000000000
218.196000000000
169.544000000000
200.196000000000
176.024000000000
298.432000000000
101.552000000000
27.8800000000000
8.35200000000000
8.24000000000000
8.76400000000000
9.49200000000000
12.0240000000000
31.1760000000000
46.0720000000000
14.9720000000000
15.0200000000000
16.1360000000000
16.0280000000000
16.4160000000000
17.4240000000000
16.7600000000000
17.3000000000000
18.1480000000000
17.8560000000000
18.4880000000000
19.2520000000000
19.6240000000000
19.3240000000000
20.2880000000000
20.8680000000000
20.1840000000000
20.3400000000000
20.2600000000000
57.1040000000000
83.6240000000000
148.836000000000
251.784000000000
242.316000000000
355.336000000000
308.548000000000
203.992000000000
136.264000000000
452.400000000000
474.520000000000
408.188000000000
382.568000000000
121.828000000000
238.156000000000
290.520000000000
218.432000000000
209.352000000000
231.996000000000
269.712000000000
215.564000000000
160.284000000000
66.7600000000000
57.1120000000000
71.9560000000000
57.2680000000000
80.3280000000000
171.172000000000
187.528000000000
221.096000000000
276.932000000000
301.700000000000
372
139.800000000000
438.576000000000
663.728000000000
676.224000000000
662.680000000000
661.748000000000
606.524000000000
545.172000000000
500.636000000000
366.864000000000
398.164000000000
513.992000000000
423.428000000000
185.972000000000
98.6960000000000
114.140000000000
123.144000000000
157.436000000000
151.760000000000
132.500000000000
92.6040000000000
110.752000000000
92.5280000000000
145.480000000000
134.984000000000
292.500000000000
423.820000000000
393.380000000000
320.220000000000
262.116000000000
133.948000000000
118.720000000000
130.976000000000
153.940000000000
184.384000000000
206.524000000000
184.992000000000
200.360000000000
218.640000000000
236.328000000000
239.076000000000
212.576000000000
187.796000000000
65.4320000000000
118.152000000000
167.308000000000
202.844000000000
166.124000000000
256.756000000000
247.584000000000
223.028000000000
241.308000000000
158.216000000000
162.220000000000
213.472000000000
256.104000000000
176.456000000000
247.856000000000
294.644000000000
309.156000000000
284.160000000000
207.344000000000
125.640000000000
247.884000000000
209.060000000000
155.700000000000
105.760000000000
100.388000000000
88.8520000000000
72.6320000000000
46.8640000000000
46.5200000000000
46.8640000000000
48.1160000000000
48.0440000000000
48.8680000000000
97.9360000000000
103.168000000000
156.876000000000
152.360000000000
159.796000000000
143.564000000000
186.144000000000
158.280000000000
88.4560000000000
76.9720000000000
46.5320000000000
78.0600000000000
114.940000000000
187.644000000000
190.840000000000
223.028000000000
173.444000000000
198.912000000000
281.244000000000
292.680000000000
260.812000000000
309.176000000000
359.192000000000
260.528000000000
262.584000000000
117.576000000000
384.612000000000
372.308000000000
347.020000000000
424.812000000000
444.636000000000
475.928000000000
554.228000000000
606.352000000000
611.688000000000
668.048000000000
698.484000000000
734.016000000000
577.848000000000
226.372000000000
254.372000000000
259.088000000000
280.576000000000
156.420000000000
73.8400000000000
172.184000000000
216.480000000000
931.720000000000
724.292000000000
427.940000000000
162.548000000000
181.012000000000
228.836000000000
235.448000000000
213.316000000000
194.212000000000
141.696000000000
89.7360000000000
145.992000000000
151.660000000000
145.780000000000
131.556000000000
175.292000000000
251.128000000000
337.332000000000
364.800000000000
302.196000000000
204.776000000000
91.6560000000000
93.3520000000000
97.0160000000000
100.108000000000
100.412000000000