13.0200000000000
16.1280000000000
15.0200000000000
32.0120000000000
59.6520000000000
33.0720000000000
19.4080000000000
22.3320000000000
31.1800000000000
31.7200000000000
31.1440000000000
31.6640000000000
29.9640000000000
18.9720000000000
22.8400000000000
22.2520000000000
19.5080000000000
23.1840000000000
23.8880000000000
24.3960000000000
24.8520000000000
23.7840000000000
23.6800000000000
22.9960000000000
24.7440000000000
24.0120000000000
23.6120000000000
24.6920000000000
23.3960000000000
27.7640000000000
100.052000000000
51.0280000000000
122.860000000000
148.252000000000
33.8480000000000
12.8640000000000
27.7800000000000
32.7240000000000
31.0840000000000
29.5040000000000
28.3680000000000
47.3400000000000
63.2000000000000
43.2400000000000
55.4760000000000
81.4120000000000
89.2680000000000
82.3520000000000
66.3160000000000
66.6680000000000
68.0040000000000
62.0640000000000
61.2280000000000
44.2960000000000
61.2560000000000
86.3680000000000
117.012000000000
104.484000000000
107.920000000000
118.740000000000
96.4320000000000
93.0760000000000
86.0160000000000
87.8120000000000
77.0480000000000
45.6920000000000
95.3040000000000
89.8800000000000
45.0440000000000
21.6000000000000
20.3600000000000
20.6360000000000
19.0240000000000
17.1120000000000
48.8360000000000
110.736000000000
115.576000000000
109.256000000000
109.992000000000
112.796000000000
91.1400000000000
120.176000000000
100.624000000000
165.124000000000
58.9280000000000
21.2640000000000
8.61200000000000
8.09200000000000
7.81200000000000
8.21200000000000
10.1160000000000
22.0600000000000
35.3000000000000
13.4280000000000
13.7600000000000
13.7080000000000
14.4200000000000
14.6200000000000
15.3960000000000
14.9720000000000
15.1080000000000
15.4280000000000
15.8800000000000
16.3520000000000
16.2520000000000
16.6560000000000
16.8920000000000
17.5520000000000
17.0240000000000
16.6000000000000
17.2680000000000
17.3800000000000
38.2840000000000
54.2160000000000
87.1720000000000
155.012000000000
146.564000000000
206.080000000000
180.784000000000
114.404000000000
78.4320000000000
272.668000000000
280.956000000000
236.040000000000
231.892000000000
66.9400000000000
128.936000000000
170.496000000000
124.548000000000
119.608000000000
127.044000000000
149.068000000000
125.080000000000
87.0320000000000
38.0200000000000
34.0720000000000
43.8520000000000
39.0080000000000
43.8640000000000
103.392000000000
112.032000000000
133.420000000000
155.156000000000
166.200000000000
197.960000000000
81.5080000000000
262.464000000000
387.144000000000
378.504000000000
369.784000000000
372.052000000000
355.532000000000
319.784000000000
294.896000000000
225.132000000000
254.276000000000
324.100000000000
266.960000000000
119.092000000000
61.2200000000000
72.7680000000000
83.9960000000000
105.936000000000
104.324000000000
90.9880000000000
64.2480000000000
74.7160000000000
62.6480000000000
89.9120000000000
80.2640000000000
168.616000000000
248.056000000000
241.428000000000
208.912000000000
170.476000000000
83.0080000000000
70.2800000000000
77.4320000000000
89.0120000000000
106.088000000000
117.728000000000
102.752000000000
110.992000000000
115.088000000000
122.196000000000
130.924000000000
122.548000000000
111.752000000000
45.7560000000000
77.7280000000000
106.028000000000
129.820000000000
114.904000000000
164.092000000000
160.920000000000
153.364000000000
155.316000000000
106.624000000000
112.948000000000
136.952000000000
170.584000000000
118.096000000000
163.136000000000
184.444000000000
193.404000000000
183.900000000000
138.540000000000
78.9280000000000
161.316000000000
141.824000000000
100.680000000000
61.9560000000000
59.3240000000000
51.6000000000000
43.8840000000000
29.0400000000000
28.7960000000000
29.2160000000000
29.6400000000000
29.6400000000000
30.0480000000000
61.4920000000000
69.3200000000000
103.900000000000
99.5600000000000
108.348000000000
94.9400000000000
125.492000000000
102.020000000000
54.7720000000000
48.7480000000000
30.8640000000000
50.0840000000000
68.2920000000000
113.108000000000
112.728000000000
128.120000000000
106.552000000000
125.240000000000
174.912000000000
182.292000000000
161.700000000000
191.476000000000
220.416000000000
151.936000000000
153.204000000000
67.6920000000000
216.908000000000
208.792000000000
193.652000000000
231.460000000000
245.840000000000
260.204000000000
301.012000000000
342.092000000000
342.640000000000
376.136000000000
388.360000000000
406.104000000000
328.652000000000
147.320000000000
163.928000000000
164.900000000000
181.124000000000
102.260000000000
48.3480000000000
114
143.092000000000
492.884000000000
376.920000000000
234.244000000000
101.736000000000
110.068000000000
133.472000000000
133.532000000000
122.644000000000
110.320000000000
82.5640000000000
59.7400000000000
91.7000000000000
92.2040000000000
89.2240000000000
81.6720000000000
107.476000000000
151.580000000000
204.532000000000
221.216000000000
180.920000000000
120.980000000000
54.3760000000000
54.0800000000000
55.7600000000000
57.2960000000000
57.9920000000000