8.46000000000000
9.50000000000000
8.71600000000000
12.5520000000000
19.2320000000000
12.6640000000000
9.06000000000000
11.1120000000000
13.8840000000000
14.1960000000000
14.3040000000000
13.8640000000000
12.5400000000000
9.81600000000000
11.5640000000000
11.6040000000000
10.0160000000000
13.9520000000000
14.1640000000000
13.8600000000000
14.3080000000000
14.1240000000000
14.0040000000000
13.9080000000000
14.0320000000000
14.2680000000000
13.8920000000000
14.2360000000000
13.7160000000000
15.9280000000000
30.2560000000000
15.4440000000000
33.1280000000000
37.2440000000000
12.9600000000000
8.99200000000000
10.2560000000000
11.1280000000000
10.9560000000000
10.3800000000000
10.2680000000000
15.0800000000000
15.8240000000000
10.6840000000000
13.7360000000000
18.8480000000000
19.4960000000000
25.1360000000000
20.8600000000000
22.6520000000000
28.9560000000000
25.4400000000000
17.0760000000000
12.4680000000000
13.1960000000000
23.5480000000000
29.8720000000000
29.9400000000000
31.7400000000000
33.4160000000000
26.2080000000000
28.4320000000000
30.3680000000000
24.6200000000000
22.4800000000000
21.5960000000000
27.8360000000000
28.7440000000000
15.2800000000000
10.4800000000000
10.6720000000000
10.8560000000000
10.7560000000000
10.2400000000000
13.9600000000000
18.1200000000000
19.7520000000000
21.1920000000000
21.7000000000000
20.1960000000000
21.1440000000000
36.0520000000000
29.9360000000000
35.4000000000000
18.3480000000000
10.8080000000000
6.92800000000000
7.80400000000000
7.21600000000000
7.71200000000000
7.80800000000000
11.5800000000000
17.2200000000000
9.21200000000000
9.62400000000000
9.60000000000000
9.33200000000000
9.90400000000000
9.81200000000000
10.1440000000000
10.0440000000000
9.51600000000000
9.64400000000000
10
9.94000000000000
9.72800000000000
9.68800000000000
10.2240000000000
10.5720000000000
10.1440000000000
10.8600000000000
10.2560000000000
15.9520000000000
18.9480000000000
24.0320000000000
45.5200000000000
42.5480000000000
54.2200000000000
46.5920000000000
28.1080000000000
23.3360000000000
68.4680000000000
69.2960000000000
54.4000000000000
61.2200000000000
20.8080000000000
31.6000000000000
46.7920000000000
37.1280000000000
25.3280000000000
24.8840000000000
29.1920000000000
29.2520000000000
20.0920000000000
13.0520000000000
13.6480000000000
15.7080000000000
17.0160000000000
12.6320000000000
29.0800000000000
33.5560000000000
36.5520000000000
40.1440000000000
39.5680000000000
42.1840000000000
22.3320000000000
66.5160000000000
81.1280000000000
62.8040000000000
58.0280000000000
61.8840000000000
71.8440000000000
66.9240000000000
65.6880000000000
70.6440000000000
83.7440000000000
98.7840000000000
84.2040000000000
39.7360000000000
17.7680000000000
24.1760000000000
32.4520000000000
41.1040000000000
38.5600000000000
36.9360000000000
28.3480000000000
29.8760000000000
24.8480000000000
27.1720000000000
22.6080000000000
34.9600000000000
56.9080000000000
66.3640000000000
71.0560000000000
62.0280000000000
25.9080000000000
17.1320000000000
20.1160000000000
23.2680000000000
27.5400000000000
29.0960000000000
25.3720000000000
27.8040000000000
27.5040000000000
28.3720000000000
28.6760000000000
25.1000000000000
26.4160000000000
19.3760000000000
27.6600000000000
36.3200000000000
53.0440000000000
50.4120000000000
57.8240000000000
56.6120000000000
60.5280000000000
54.6720000000000
47.9920000000000
51.6400000000000
51.4920000000000
64.9520000000000
48.2560000000000
57.5440000000000
52.6520000000000
55.1880000000000
62.2160000000000
55.2640000000000
28.3760000000000
54.2240000000000
60.1760000000000
37.3360000000000
20.9480000000000
19.8880000000000
18.6160000000000
16.4880000000000
12.2200000000000
12.6240000000000
12.3800000000000
12.2800000000000
12.7120000000000
12.4760000000000
22.7840000000000
27.3600000000000
41.3920000000000
41.5280000000000
45.4440000000000
34.9240000000000
46.9360000000000
37.1200000000000
18.3440000000000
16.9440000000000
12.7880000000000
17.2040000000000
21.9440000000000
30.8680000000000
28.7520000000000
30.6480000000000
31.9320000000000
40.5320000000000
53.2720000000000
57.6600000000000
48.1160000000000
56.4520000000000
63.7040000000000
41.1600000000000
43.1160000000000
17.2440000000000
35.1640000000000
32.3440000000000
29.1760000000000
35.5520000000000
38.7680000000000
39.8360000000000
50.0640000000000
62.5480000000000
68.0440000000000
72.1160000000000
71.0720000000000
70.1600000000000
64.0760000000000
53.1280000000000
54.3400000000000
58.6600000000000
63.2120000000000
39.0200000000000
19.3080000000000
41.3120000000000
52.4120000000000
46.4880000000000
42.4240000000000
39.3960000000000
29.0640000000000
28.4720000000000
27.7840000000000
29.9280000000000
30.8360000000000
29.5640000000000
24.0400000000000
23.3920000000000
31.8440000000000
23.4440000000000
22.5840000000000
26.8560000000000
32.3160000000000
45.8120000000000
57.8200000000000
62.4240000000000
52.2040000000000
36.5200000000000
14.1760000000000
14.1240000000000
14.4080000000000
14.4880000000000
14.8320000000000